

x(m), Y
-9.00747e-06, 0.0162535
-8.97748e-06, 0.0172912
-8.94748e-06, 0.0184351
-8.91749e-06, 0.0196701
-8.88749e-06, 0.0209776
-8.8575e-06, 0.0223353
-8.82751e-06, 0.0237173
-8.79751e-06, 0.0250949
-8.76752e-06, 0.0264372
-8.73753e-06, 0.0277127
-8.70753e-06, 0.0288916
-8.67754e-06, 0.0299474
-8.64754e-06, 0.0308606
-8.61755e-06, 0.0316207
-8.58756e-06, 0.0322302
-8.55756e-06, 0.0327061
-8.52757e-06, 0.0330825
-8.49758e-06, 0.0334107
-8.46758e-06, 0.0337566
-8.43759e-06, 0.0341963
-8.40759e-06, 0.034806
-8.3776e-06, 0.0356515
-8.34761e-06, 0.0367759
-8.31761e-06, 0.0381912
-8.28762e-06, 0.0398746
-8.25763e-06, 0.0417728
-8.22763e-06, 0.0438089
-8.19764e-06, 0.0458937
-8.16764e-06, 0.0479345
-8.13765e-06, 0.0498444
-8.10766e-06, 0.0515488
-8.07766e-06, 0.05299
-8.04767e-06, 0.0541315
-8.01768e-06, 0.0549596
-7.98768e-06, 0.0554842
-7.95769e-06, 0.0557389
-7.92769e-06, 0.0557777
-7.8977e-06, 0.0556715
-7.86771e-06, 0.0555014
-7.83771e-06, 0.05535
-7.80772e-06, 0.0552919
-7.77773e-06, 0.0553838
-7.74773e-06, 0.0556569
-7.71774e-06, 0.0561128
-7.68774e-06, 0.0567251
-7.65775e-06, 0.0574443
-7.62776e-06, 0.0582075
-7.59776e-06, 0.0589478
-7.56777e-06, 0.0596038
-7.53778e-06, 0.0601271
-7.50778e-06, 0.0604867
-7.47779e-06, 0.0606714
-7.44779e-06, 0.0606898
-7.4178e-06, 0.060567
-7.38781e-06, 0.0603403
-7.35781e-06, 0.0600525
-7.32782e-06, 0.0597448
-7.29783e-06, 0.0594495
-7.26783e-06, 0.0591842
-7.23784e-06, 0.0589476
-7.20784e-06, 0.0587194
-7.17785e-06, 0.058463
-7.14786e-06, 0.0581303
-7.11786e-06, 0.0576693
-7.08787e-06, 0.057031
-7.05788e-06, 0.0561767
-7.02788e-06, 0.0550835
-6.99789e-06, 0.0537482
-6.96789e-06, 0.0521899
-6.9379e-06, 0.05045
-6.90791e-06, 0.0485907
-6.87791e-06, 0.0466906
-6.84792e-06, 0.0448382
-6.81793e-06, 0.0431218
-6.78793e-06, 0.041618
-6.75794e-06, 0.0403785
-6.72794e-06, 0.03942
-6.69795e-06, 0.0387197
-6.66796e-06, 0.0382178
-6.63796e-06, 0.037828
-6.60797e-06, 0.037451
-6.57798e-06, 0.0369885
-6.54798e-06, 0.0363546
-6.51799e-06, 0.0354823
-6.48799e-06, 0.0343283
-6.458e-06, 0.0328735
-6.42801e-06, 0.0311234
-6.39801e-06, 0.0291062
-6.36802e-06, 0.0268713
-6.33803e-06, 0.0244882
-6.30803e-06, 0.0220452
-6.27804e-06, 0.0196498
-6.24804e-06, 0.0174279
-6.21805e-06, 0.0155195
-6.18806e-06, 0.0140634
-6.15806e-06, 0.0131604
-6.12807e-06, 0.0128248
-6.09808e-06, 0.0129635
-6.06808e-06, 0.0134111
-6.03809e-06, 0.0139908
-6.00809e-06, 0.0145549
-5.9781e-06, 0.014997
-5.94811e-06, 0.0152474
-5.91811e-06, 0.0152656
-5.88812e-06, 0.0150338
-5.85813e-06, 0.0145527
-5.82813e-06, 0.0138395
-5.79814e-06, 0.0129288
-5.76814e-06, 0.0118761
-5.73815e-06, 0.0107645
-5.70816e-06, 0.00971568
-5.67816e-06, 0.00889583
-5.64817e-06, 0.00849593
-5.61818e-06, 0.00865549
-5.58818e-06, 0.00937285
-5.55819e-06, 0.0105108
-5.52819e-06, 0.0118853
-5.4982e-06, 0.0133314
-5.46821e-06, 0.0147195
-5.43821e-06, 0.0159519
-5.40822e-06, 0.016956
-5.37823e-06, 0.0176814
-5.34823e-06, 0.0180986
-5.31824e-06, 0.0182006
-5.28824e-06, 0.0180048
-5.25825e-06, 0.0175569
-5.22826e-06, 0.0169349
-5.19826e-06, 0.0162522
-5.16827e-06, 0.0156551
-5.13828e-06, 0.0153076
-5.10828e-06, 0.0153544
-5.07829e-06, 0.0158725
-5.04829e-06, 0.0168408
-5.0183e-06, 0.0181535
-4.98831e-06, 0.0196611
-4.95831e-06, 0.0212087
-4.92832e-06, 0.0226582
-4.89833e-06, 0.0238964
-4.86833e-06, 0.0248373
-4.83834e-06, 0.0254222
-4.80834e-06, 0.0256193
-4.77835e-06, 0.025424
-4.74836e-06, 0.0248589
-4.71836e-06, 0.0239742
-4.68837e-06, 0.0228478
-4.65838e-06, 0.0215843
-4.62838e-06, 0.0203115
-4.59839e-06, 0.0191715
-4.56839e-06, 0.0183005
-4.5384e-06, 0.0177992
-4.50841e-06, 0.0177003
-4.47841e-06, 0.0179557
-4.44842e-06, 0.0184537
-4.41843e-06, 0.0190545
-4.38843e-06, 0.0196238
-4.35844e-06, 0.020053
-4.32845e-06, 0.020268
-4.29845e-06, 0.020231
-4.26846e-06, 0.0199389
-4.23846e-06, 0.0194222
-4.20847e-06, 0.0187418
-4.17848e-06, 0.0179844
-4.14848e-06, 0.017255
-4.11849e-06, 0.0166624
-4.0885e-06, 0.0162976
-4.0585e-06, 0.0162103
-4.02851e-06, 0.0163932
-3.99851e-06, 0.016786
-3.96852e-06, 0.0172958
-3.93853e-06, 0.017823
-3.90853e-06, 0.0182821
-3.87854e-06, 0.0186136
-3.84855e-06, 0.0187904
-3.81855e-06, 0.0188187
-3.78856e-06, 0.0187377
-3.75856e-06, 0.0186151
-3.72857e-06, 0.0185384
-3.69858e-06, 0.0186001
-3.66858e-06, 0.0188772
-3.63859e-06, 0.0194117
-3.6086e-06, 0.0201987
-3.5786e-06, 0.0211896
-3.54861e-06, 0.0223057
-3.51861e-06, 0.0234566
-3.48862e-06, 0.0245558
-3.45863e-06, 0.0255309
-3.42863e-06, 0.0263301
-3.39864e-06, 0.026925
-3.36865e-06, 0.0273116
-3.33865e-06, 0.0275091
-3.30866e-06, 0.0275569
-3.27866e-06, 0.0275096
-3.24867e-06, 0.0274292
-3.21868e-06, 0.0273756
-3.18868e-06, 0.0273958
-3.15869e-06, 0.0275145
-3.1287e-06, 0.0277282
-3.0987e-06, 0.0280057
-3.06871e-06, 0.0282936
-3.03871e-06, 0.0285254
-3.00872e-06, 0.0286322
-2.97873e-06, 0.028552
-2.94873e-06, 0.0282377
-2.91874e-06, 0.0276626
-2.88875e-06, 0.0268244
-2.85875e-06, 0.0257491
-2.82876e-06, 0.0244928
-2.79876e-06, 0.0231443
-2.76877e-06, 0.0218237
-2.73878e-06, 0.0206773
-2.70878e-06, 0.0198594
-2.67879e-06, 0.0194997
-2.6488e-06, 0.019662
-2.6188e-06, 0.02032
-2.58881e-06, 0.0213677
-2.55881e-06, 0.0226564
-2.52882e-06, 0.0240326
-2.49883e-06, 0.0253603
-2.46883e-06, 0.0265297
-2.43884e-06, 0.0274586
-2.40885e-06, 0.0280892
-2.37885e-06, 0.0283855
-2.34886e-06, 0.0283296
-2.31886e-06, 0.0279188
-2.28887e-06, 0.0271634
-2.25888e-06, 0.0260843
-2.22888e-06, 0.0247118
-2.19889e-06, 0.0230845
-2.1689e-06, 0.0212509
-2.1389e-06, 0.0192712
-2.10891e-06, 0.0172235
-2.07891e-06, 0.0152135
-2.04892e-06, 0.0133897
-2.01893e-06, 0.0119556
-1.98893e-06, 0.0111502
-1.95894e-06, 0.0111521
-1.92895e-06, 0.0119519
-1.89895e-06, 0.0133546
-1.86896e-06, 0.0151075
-1.83896e-06, 0.0169938
-1.80897e-06, 0.0188511
-1.77898e-06, 0.0205605
-1.74898e-06, 0.0220345
-1.71899e-06, 0.0232088
-1.689e-06, 0.0240391
-1.659e-06, 0.0245
-1.62901e-06, 0.0245853
-1.59901e-06, 0.0243093
-1.56902e-06, 0.0237083
-1.53903e-06, 0.022843
-1.50903e-06, 0.0218
-1.47904e-06, 0.0206926
-1.44905e-06, 0.0196578
-1.41905e-06, 0.0188449
-1.38906e-06, 0.0183909
-1.35906e-06, 0.018386
-1.32907e-06, 0.0188431
-1.29908e-06, 0.0196965
-1.26908e-06, 0.020828
-1.23909e-06, 0.0221034
-1.2091e-06, 0.0233999
-1.1791e-06, 0.0246191
-1.14911e-06, 0.0256906
-1.11911e-06, 0.0265707
-1.08912e-06, 0.0272393
-1.05913e-06, 0.0276951
-1.02913e-06, 0.0279507
-9.99139e-07, 0.0280272
-9.69145e-07, 0.0279483
-9.39152e-07, 0.0277343
-9.09158e-07, 0.0273979
-8.79164e-07, 0.02694
-8.4917e-07, 0.026349
-8.19177e-07, 0.0256017
-7.89183e-07, 0.0246664
-7.59189e-07, 0.0235079
-7.29195e-07, 0.0220923
-6.99202e-07, 0.0203924
-6.69208e-07, 0.0183929
-6.39214e-07, 0.0160945
-6.0922e-07, 0.01352
-5.79227e-07, 0.0107258
-5.49233e-07, 0.00783885
-5.19239e-07, 0.00521701
-4.89245e-07, 0.00405779
-4.59252e-07, 0.00562605
-4.29258e-07, 0.00855532
-3.99264e-07, 0.0118026
-3.6927e-07, 0.0150362
-3.39277e-07, 0.0181078
-3.09283e-07, 0.0209251
-2.79289e-07, 0.0234221
-2.49295e-07, 0.0255518
-2.19302e-07, 0.0272839
-1.89308e-07, 0.028604
-1.59314e-07, 0.0295129
-1.2932e-07, 0.0300249
-9.93266e-08, 0.0301661
-6.93329e-08, 0.0299723
-3.93392e-08, 0.0294856
-9.3454e-09, 0.0287517
2.06483e-08, 0.0278173
5.06421e-08, 0.026728
8.06358e-08, 0.0255276
1.1063e-07, 0.024259
1.40623e-07, 0.0229679
1.70617e-07, 0.0217074
2.00611e-07, 0.0205452
2.30605e-07, 0.0195693
2.60598e-07, 0.018888
2.90592e-07, 0.018619
3.20586e-07, 0.0188622
3.5058e-07, 0.0196676
3.80573e-07, 0.0210158
4.10567e-07, 0.0228253
4.40561e-07, 0.0249784
4.70555e-07, 0.0273449
5.00548e-07, 0.0297993
5.30542e-07, 0.0322272
5.60536e-07, 0.0345287
5.9053e-07, 0.0366198
6.20523e-07, 0.0384323
6.50517e-07, 0.0399149
6.80511e-07, 0.0410326
7.10505e-07, 0.0417672
7.40498e-07, 0.042116
7.70492e-07, 0.0420901
8.00486e-07, 0.0417133
8.3048e-07, 0.0410181
8.60473e-07, 0.0400428
8.90467e-07, 0.0388277
9.20461e-07, 0.0374113
9.50455e-07, 0.0358269
9.80448e-07, 0.0341003
1.01044e-06, 0.0322493
1.04044e-06, 0.0302844
1.07043e-06, 0.0282127
1.10042e-06, 0.0260435
1.13042e-06, 0.0237971
1.16041e-06, 0.0215171
1.1904e-06, 0.0192871
1.2204e-06, 0.0172538
1.25039e-06, 0.0156476
1.28039e-06, 0.0147704
1.31038e-06, 0.0148916
1.34037e-06, 0.0160807
1.37037e-06, 0.0181639
1.40036e-06, 0.0208575
1.43035e-06, 0.0238953
1.46035e-06, 0.0270693
1.49034e-06, 0.0302244
1.52034e-06, 0.0332448
1.55033e-06, 0.0360442
1.58032e-06, 0.0385599
1.61032e-06, 0.0407492
1.64031e-06, 0.042588
1.6703e-06, 0.0440685
1.7003e-06, 0.045198
1.73029e-06, 0.0459967
1.76029e-06, 0.0464959
1.79028e-06, 0.0467352
1.82027e-06, 0.04676
1.85027e-06, 0.0466186
1.88026e-06, 0.0463599
1.91025e-06, 0.0460304
1.94025e-06, 0.0456731
1.97024e-06, 0.0453257
2.00024e-06, 0.0450194
2.03023e-06, 0.044779
2.06022e-06, 0.0446222
2.09022e-06, 0.0445595
2.12021e-06, 0.0445939
2.1502e-06, 0.0447208
2.1802e-06, 0.0449272
2.21019e-06, 0.0451923
2.24019e-06, 0.0454875
2.27018e-06, 0.045778
2.30017e-06, 0.0460238
2.33017e-06, 0.0461828
2.36016e-06, 0.0462125
2.39015e-06, 0.0460735
2.42015e-06, 0.0457317
2.45014e-06, 0.0451612
2.48014e-06, 0.0443458
2.51013e-06, 0.0432812
2.54012e-06, 0.0419757
2.57012e-06, 0.0404518
2.60011e-06, 0.0387469
2.6301e-06, 0.0369137
2.6601e-06, 0.0350222
2.69009e-06, 0.0331601
2.72009e-06, 0.0314342
2.75008e-06, 0.0299687
2.78007e-06, 0.0288997
2.81007e-06, 0.0283598
2.84006e-06, 0.0284568
2.87005e-06, 0.0292492
2.90005e-06, 0.0307343
2.93004e-06, 0.0328549
2.96004e-06, 0.0355174
2.99003e-06, 0.0386127
3.02002e-06, 0.0420289
3.05002e-06, 0.0456579
3.08001e-06, 0.0493967
3.11e-06, 0.0531471
3.14e-06, 0.0568147
3.16999e-06, 0.0603097
3.19999e-06, 0.0635471
3.22998e-06, 0.0664478
3.25997e-06, 0.0689409
3.28997e-06, 0.0709652
3.31996e-06, 0.0724705
3.34995e-06, 0.0734196
3.37995e-06, 0.0737886
3.40994e-06, 0.0735678
3.43994e-06, 0.0727606
3.46993e-06, 0.071383
3.49992e-06, 0.0694619
3.52992e-06, 0.0670326
3.55991e-06, 0.064137
3.5899e-06, 0.0608207
3.6199e-06, 0.057131
3.64989e-06, 0.0531154
3.67989e-06, 0.0488214
3.70988e-06, 0.0442982
3.73987e-06, 0.0396013
3.76987e-06, 0.0348027
3.79986e-06, 0.0300102
3.82985e-06, 0.0254056
3.85985e-06, 0.0213171
3.88984e-06, 0.0183221
3.91984e-06, 0.0172199
3.94983e-06, 0.0185099
3.97982e-06, 0.0218511
4.00982e-06, 0.0264881
4.03981e-06, 0.031812
4.0698e-06, 0.0374374
4.0998e-06, 0.0431169
4.12979e-06, 0.0486771
4.15979e-06, 0.0539853
4.18978e-06, 0.058935
4.21977e-06, 0.06344
4.24977e-06, 0.0674317
4.27976e-06, 0.0708594
4.30975e-06, 0.0736891
4.33975e-06, 0.0759043
4.36974e-06, 0.0775048
4.39974e-06, 0.0785056
4.42973e-06, 0.0789351
4.45972e-06, 0.0788326
4.48972e-06, 0.0782453
4.51971e-06, 0.0772255
4.5497e-06, 0.0758274
4.5797e-06, 0.0741047
4.60969e-06, 0.0721081
4.63969e-06, 0.0698845
4.66968e-06, 0.0674771
4.69967e-06, 0.0649264
4.72967e-06, 0.0622725
4.75966e-06, 0.0595582
4.78965e-06, 0.0568325
4.81965e-06, 0.0541544
4.84964e-06, 0.0515949
4.87964e-06, 0.0492383
4.90963e-06, 0.0471789
4.93962e-06, 0.0455144
4.96962e-06, 0.0443337
4.99961e-06, 0.0437012
5.0296e-06, 0.0436428
5.0596e-06, 0.0441378
5.08959e-06, 0.0451214
5.11959e-06, 0.046497
5.14958e-06, 0.0481521
5.17957e-06, 0.0499735
5.20957e-06, 0.0518589
5.23956e-06, 0.0537231
5.26955e-06, 0.0555009
5.29955e-06, 0.0571472
5.32954e-06, 0.0586364
5.35954e-06, 0.0599598
5.38953e-06, 0.061123
5.41952e-06, 0.0621435
5.44952e-06, 0.0630471
5.47951e-06, 0.0638654
5.5095e-06, 0.0646324
5.5395e-06, 0.0653818
5.56949e-06, 0.0661446
5.59949e-06, 0.0669461
5.62948e-06, 0.0678048
5.65947e-06, 0.0687303
5.68947e-06, 0.0697225
5.71946e-06, 0.0707716
5.74945e-06, 0.0718574
5.77945e-06, 0.072951
5.80944e-06, 0.0740155
5.83944e-06, 0.0750078
5.86943e-06, 0.0758808
5.89942e-06, 0.0765857
5.92942e-06, 0.0770743
5.95941e-06, 0.0773018
5.9894e-06, 0.0772286
6.0194e-06, 0.0768232
6.04939e-06, 0.0760636
6.07939e-06, 0.0749392
6.10938e-06, 0.0734522
6.13937e-06, 0.0716185
6.16937e-06, 0.0694691
6.19936e-06, 0.0670502
6.22935e-06, 0.0644247
6.25935e-06, 0.0616731
6.28934e-06, 0.0588944
6.31934e-06, 0.0562066
6.34933e-06, 0.0537464
6.37932e-06, 0.0516653
6.40932e-06, 0.0501204
6.43931e-06, 0.0492585
6.4693e-06, 0.0491938
6.4993e-06, 0.0499867
6.52929e-06, 0.0516313
6.55929e-06, 0.0540595
6.58928e-06, 0.0571558
6.61927e-06, 0.0607783
6.64927e-06, 0.0647754
6.67926e-06, 0.0689972
6.70925e-06, 0.0733012
6.73925e-06, 0.0775545
6.76924e-06, 0.0816351
6.79924e-06, 0.0854315
6.82923e-06, 0.088844
6.85922e-06, 0.091785
6.88922e-06, 0.0941799
6.91921e-06, 0.0959681
6.9492e-06, 0.0971043
6.9792e-06, 0.0975584
7.00919e-06, 0.0973163
7.03919e-06, 0.0963798
7.06918e-06, 0.0947657
7.09917e-06, 0.0925051
7.12917e-06, 0.0896421
7.15916e-06, 0.0862329
7.18915e-06, 0.0823444
7.21915e-06, 0.0780544
7.24914e-06, 0.0734515
7.27914e-06, 0.068638
7.30913e-06, 0.0637338
7.33912e-06, 0.0588834
7.36912e-06, 0.0542656
7.39911e-06, 0.0501028
7.4291e-06, 0.0466643
7.4591e-06, 0.0442496
7.48909e-06, 0.0431358
7.51909e-06, 0.0434939
7.54908e-06, 0.0453202
7.57907e-06, 0.0484383
7.60907e-06, 0.0525682
7.63906e-06, 0.0574047
7.66905e-06, 0.0626657
7.69905e-06, 0.0681097
7.72904e-06, 0.0735348
7.75904e-06, 0.0787738
7.78903e-06, 0.0836883
7.81902e-06, 0.0881646
7.84902e-06, 0.0921113
7.87901e-06, 0.0954574
7.909e-06, 0.0981515
7.939e-06, 0.100161
7.96899e-06, 0.101471
7.99899e-06, 0.102084
8.02898e-06, 0.102015
8.05897e-06, 0.101296
8.08897e-06, 0.0999665
8.11896e-06, 0.0980778
8.14895e-06, 0.0956874
8.17895e-06, 0.0928585
8.20894e-06, 0.0896593
8.23894e-06, 0.0861621
8.26893e-06, 0.0824447
8.29892e-06, 0.0785915
8.32892e-06, 0.0746957
8.35891e-06, 0.0708627
8.3889e-06, 0.0672123
8.4189e-06, 0.0638798
8.44889e-06, 0.0610128
8.47889e-06, 0.0587624
8.50888e-06, 0.0572662
8.53887e-06, 0.0566259
8.56887e-06, 0.0568842
8.59886e-06, 0.0580137
8.62885e-06, 0.0599202
8.65885e-06, 0.0624621
8.68884e-06, 0.0654737
8.71884e-06, 0.068787
8.74883e-06, 0.0722463
8.77882e-06, 0.0757157
8.80882e-06, 0.0790825
8.83881e-06, 0.0822576
8.8688e-06, 0.0851742
8.8988e-06, 0.087786
8.92879e-06, 0.0900653
8.95879e-06, 0.0920007
8.98878e-06, 0.0935948
9.01877e-06, 0.0948615
9.04877e-06, 0.0958243
9.07876e-06, 0.0965136
9.10875e-06, 0.0969641
9.13875e-06, 0.0972134
9.16874e-06, 0.0972991
9.19874e-06, 0.0972574
9.22873e-06, 0.0971213
9.25872e-06, 0.096919
9.28872e-06, 0.0966725
9.31871e-06, 0.0963967
9.3487e-06, 0.096099
9.3787e-06, 0.0957787
9.40869e-06, 0.0954275
9.43868e-06, 0.0950302
9.46868e-06, 0.0945661
9.49867e-06, 0.0940104
9.52867e-06, 0.0933369
9.55866e-06, 0.0925196
9.58865e-06, 0.091536
9.61865e-06, 0.090369
9.64864e-06, 0.0890093
9.67863e-06, 0.0874581
9.70863e-06, 0.0857283
9.73862e-06, 0.0838466
9.76862e-06, 0.0818541
9.79861e-06, 0.0798074
9.8286e-06, 0.0777781
9.8586e-06, 0.0758521
9.88859e-06, 0.0741267
9.91858e-06, 0.0727069
9.94858e-06, 0.0716988
9.97857e-06, 0.0712011
1.00086e-05, 0.071295
1.00386e-05, 0.0720355
1.00686e-05, 0.0734439
1.00985e-05, 0.0755057
1.01285e-05, 0.078173
1.01585e-05, 0.0813696
1.01885e-05, 0.0849995
1.02185e-05, 0.0889531
1.02485e-05, 0.0931141
1.02785e-05, 0.0973636
1.03085e-05, 0.101583
1.03385e-05, 0.105658
1.03685e-05, 0.109479
1.03985e-05, 0.112942
1.04285e-05, 0.115952
1.04585e-05, 0.118426
1.04885e-05, 0.12029
1.05185e-05, 0.121484
1.05485e-05, 0.121964
1.05784e-05, 0.1217
1.06084e-05, 0.120679
1.06384e-05, 0.118904
1.06684e-05, 0.116396
1.06984e-05, 0.113191
1.07284e-05, 0.109345
1.07584e-05, 0.104927
1.07884e-05, 0.100025
1.08184e-05, 0.0947454
1.08484e-05, 0.0892132
1.08784e-05, 0.0835788
1.09084e-05, 0.0780204
1.09384e-05, 0.0727506
1.09684e-05, 0.0680187
1.09984e-05, 0.0641052
1.10284e-05, 0.0613001
1.10583e-05, 0.059856
1.10883e-05, 0.0599265
1.11183e-05, 0.0615182
1.11483e-05, 0.0644882
1.11783e-05, 0.0685892
1.12083e-05, 0.073531
1.12383e-05, 0.0790274
1.12683e-05, 0.0848207
1.12983e-05, 0.0906894
1.13283e-05, 0.0964459
1.13583e-05, 0.101933
1.13883e-05, 0.107019
1.14183e-05, 0.111597
1.14483e-05, 0.115577
1.14783e-05, 0.118892
1.15083e-05, 0.12149
1.15382e-05, 0.12334
1.15682e-05, 0.124424
1.15982e-05, 0.124743
1.16282e-05, 0.124312
1.16582e-05, 0.123161
1.16882e-05, 0.121332
1.17182e-05, 0.118881
1.17482e-05, 0.115877
1.17782e-05, 0.112399
1.18082e-05, 0.108539
1.18382e-05, 0.104402
1.18682e-05, 0.100106
1.18982e-05, 0.0957827
1.19282e-05, 0.0915797
1.19582e-05, 0.0876567
1.19882e-05, 0.0841818
1.20181e-05, 0.0813217
1.20481e-05, 0.0792269
1.20781e-05, 0.0780119
1.21081e-05, 0.0777367
1.21381e-05, 0.0783938
1.21681e-05, 0.0799085
1.21981e-05, 0.0821507
1.22281e-05, 0.0849545
1.22581e-05, 0.0881396
1.22881e-05, 0.091528
1.23181e-05, 0.0949562
1.23481e-05, 0.0982813
1.23781e-05, 0.101384
1.24081e-05, 0.104171
1.24381e-05, 0.10657
1.24681e-05, 0.108535
1.2498e-05, 0.110039
1.2528e-05, 0.111075
1.2558e-05, 0.111654
1.2588e-05, 0.111802
1.2618e-05, 0.11156
1.2648e-05, 0.110978
1.2678e-05, 0.110118
1.2708e-05, 0.109047
1.2738e-05, 0.107839
1.2768e-05, 0.106568
1.2798e-05, 0.10531
1.2828e-05, 0.104139
1.2858e-05, 0.10312
1.2888e-05, 0.102309
1.2918e-05, 0.101751
1.2948e-05, 0.101474
1.29779e-05, 0.101488
1.30079e-05, 0.101783
1.30379e-05, 0.102334
1.30679e-05, 0.103096
1.30979e-05, 0.104012
1.31279e-05, 0.105018
1.31579e-05, 0.106042
1.31879e-05, 0.107013
1.32179e-05, 0.107864
1.32479e-05, 0.108536
1.32779e-05, 0.108978
1.33079e-05, 0.109155
1.33379e-05, 0.109044
1.33679e-05, 0.108637
1.33979e-05, 0.107945
1.34279e-05, 0.106991
1.34578e-05, 0.105817
1.34878e-05, 0.104477
1.35178e-05, 0.103039
1.35478e-05, 0.10158
1.35778e-05, 0.100186
1.36078e-05, 0.0989441
1.36378e-05, 0.0979413
1.36678e-05, 0.0972569
1.36978e-05, 0.0969569
1.37278e-05, 0.0970886
1.37578e-05, 0.0976762
1.37878e-05, 0.0987188
1.38178e-05, 0.100189
1.38478e-05, 0.102038
1.38778e-05, 0.104196
1.39078e-05, 0.106578
1.39377e-05, 0.109092
1.39677e-05, 0.111641
1.39977e-05, 0.114127
1.40277e-05, 0.116458
1.40577e-05, 0.118547
1.40877e-05, 0.120317
1.41177e-05, 0.121701
1.41477e-05, 0.122647
1.41777e-05, 0.123116
1.42077e-05, 0.123083
1.42377e-05, 0.122539
1.42677e-05, 0.121492
1.42977e-05, 0.119967
1.43277e-05, 0.118006
1.43577e-05, 0.115667
1.43877e-05, 0.113028
1.44176e-05, 0.110182
1.44476e-05, 0.107238
1.44776e-05, 0.104321
1.45076e-05, 0.101565
1.45376e-05, 0.099112
1.45676e-05, 0.097102
1.45976e-05, 0.095662
1.46276e-05, 0.0948951
1.46576e-05, 0.0948681
1.46876e-05, 0.0956031
1.47176e-05, 0.0970738
1.47476e-05, 0.099209
1.47776e-05, 0.101901
1.48076e-05, 0.105017
1.48376e-05, 0.108413
1.48676e-05, 0.111938
1.48975e-05, 0.115448
1.49275e-05, 0.118811
1.49575e-05, 0.121905
1.49875e-05, 0.124624
1.50175e-05, 0.126882
1.50475e-05, 0.128608
1.50775e-05, 0.129748
1.51075e-05, 0.130269
1.51375e-05, 0.130154
1.51675e-05, 0.129405
1.51975e-05, 0.128042
1.52275e-05, 0.126101
1.52575e-05, 0.123638
1.52875e-05, 0.120724
1.53175e-05, 0.117448
1.53475e-05, 0.113919
1.53774e-05, 0.110259
1.54074e-05, 0.10661
1.54374e-05, 0.103124
1.54674e-05, 0.0999655
1.54974e-05, 0.0972989
1.55274e-05, 0.0952791
1.55574e-05, 0.0940358
1.55874e-05, 0.0936583
1.56174e-05, 0.0941823
1.56474e-05, 0.0955839
1.56774e-05, 0.0977832
1.57074e-05, 0.100655
1.57374e-05, 0.104044
1.57674e-05, 0.107781
1.57974e-05, 0.111694
1.58274e-05, 0.115618
1.58573e-05, 0.119405
1.58873e-05, 0.12292
1.59173e-05, 0.126048
1.59473e-05, 0.128696
1.59773e-05, 0.130788
1.60073e-05, 0.132269
1.60373e-05, 0.133104
1.60673e-05, 0.133277
1.60973e-05, 0.132789
1.61273e-05, 0.131661
1.61573e-05, 0.129933
1.61873e-05, 0.127659
1.62173e-05, 0.124911
1.62473e-05, 0.121778
1.62773e-05, 0.118363
1.63073e-05, 0.114784
1.63372e-05, 0.111174
1.63672e-05, 0.107674
1.63972e-05, 0.104435
1.64272e-05, 0.101604
1.64572e-05, 0.099324
1.64872e-05, 0.0977135
1.65172e-05, 0.0968599
1.65472e-05, 0.0968065
1.65772e-05, 0.0975463
1.66072e-05, 0.0990237
1.66372e-05, 0.101141
1.66672e-05, 0.103769
1.66972e-05, 0.106763
1.67272e-05, 0.109972
1.67572e-05, 0.113248
1.67872e-05, 0.116455
1.68171e-05, 0.119472
1.68471e-05, 0.122195
1.68771e-05, 0.124537
1.69071e-05, 0.126431
1.69371e-05, 0.12783
1.69671e-05, 0.128703
1.69971e-05, 0.129039
1.70271e-05, 0.128844
1.70571e-05, 0.128142
1.70871e-05, 0.126972
1.71171e-05, 0.125389
1.71471e-05, 0.123463
1.71771e-05, 0.121274
1.72071e-05, 0.118918
1.72371e-05, 0.116497
1.72671e-05, 0.11412
1.7297e-05, 0.111898
1.7327e-05, 0.109936
1.7357e-05, 0.108333
1.7387e-05, 0.107167
1.7417e-05, 0.106495
1.7447e-05, 0.106342
1.7477e-05, 0.106706
1.7507e-05, 0.107549
1.7537e-05, 0.108808
1.7567e-05, 0.110397
1.7597e-05, 0.112219
1.7627e-05, 0.114166
1.7657e-05, 0.116134
1.7687e-05, 0.118023
1.7717e-05, 0.119743
1.7747e-05, 0.121217
1.77769e-05, 0.122382
1.78069e-05, 0.123193
1.78369e-05, 0.12362
1.78669e-05, 0.12365
1.78969e-05, 0.123289
1.79269e-05, 0.122556
1.79569e-05, 0.121489
1.79869e-05, 0.120139
1.80169e-05, 0.118571
1.80469e-05, 0.116864
1.80769e-05, 0.115104
1.81069e-05, 0.113387
1.81369e-05, 0.111809
1.81669e-05, 0.110468
1.81969e-05, 0.10945
1.82269e-05, 0.108831
1.82568e-05, 0.108664
1.82868e-05, 0.108977
1.83168e-05, 0.109771
1.83468e-05, 0.111017
1.83768e-05, 0.112659
1.84068e-05, 0.11462
1.84368e-05, 0.116807
1.84668e-05, 0.119116
1.84968e-05, 0.12144
1.85268e-05, 0.123676
1.85568e-05, 0.125723
1.85868e-05, 0.127494
1.86168e-05, 0.12891
1.86468e-05, 0.129911
1.86768e-05, 0.130449
1.87068e-05, 0.130495
1.87367e-05, 0.130037
1.87667e-05, 0.129083
1.87967e-05, 0.127655
1.88267e-05, 0.1258
1.88567e-05, 0.123578
1.88867e-05, 0.121069
1.89167e-05, 0.118373
1.89467e-05, 0.115603
1.89767e-05, 0.112884
1.90067e-05, 0.110354
1.90367e-05, 0.108149
1.90667e-05, 0.106402
1.90967e-05, 0.10523
1.91267e-05, 0.104719
1.91567e-05, 0.10492
1.91867e-05, 0.105841
1.92166e-05, 0.107444
1.92466e-05, 0.109651
1.92766e-05, 0.112351
1.93066e-05, 0.115412
1.93366e-05, 0.118692
1.93666e-05, 0.122046
1.93966e-05, 0.125333
1.94266e-05, 0.128422
1.94566e-05, 0.131196
1.94866e-05, 0.133552
1.95166e-05, 0.135406
1.95466e-05, 0.136689
1.95766e-05, 0.137351
1.96066e-05, 0.137362
1.96366e-05, 0.136711
1.96666e-05, 0.135404
1.96965e-05, 0.133472
1.97265e-05, 0.130962
1.97565e-05, 0.127944
1.97865e-05, 0.124508
1.98165e-05, 0.120766
1.98465e-05, 0.116852
1.98765e-05, 0.112919
1.99065e-05, 0.109137
1.99365e-05, 0.105687
1.99665e-05, 0.102755
1.99965e-05, 0.100511
2.00265e-05, 0.0991001
2.00565e-05, 0.0986189
2.00865e-05, 0.0991028
2.01165e-05, 0.100521
2.01465e-05, 0.10278
2.01764e-05, 0.10574
2.02064e-05, 0.109228
2.02364e-05, 0.113061
2.02664e-05, 0.117055
2.02964e-05, 0.121036
2.03264e-05, 0.124847
2.03564e-05, 0.128349
2.03864e-05, 0.131424
2.04164e-05, 0.133972
2.04464e-05, 0.135914
2.04764e-05, 0.13719
2.05064e-05, 0.137759
2.05364e-05, 0.137597
2.05664e-05, 0.136701
2.05964e-05, 0.135084
2.06264e-05, 0.132778
2.06563e-05, 0.129833
2.06863e-05, 0.126318
2.07163e-05, 0.122324
2.07463e-05, 0.117958
2.07763e-05, 0.113353
2.08063e-05, 0.108662
2.08363e-05, 0.104059
2.08663e-05, 0.0997379
2.08963e-05, 0.0959054
2.09263e-05, 0.0927682
2.09563e-05, 0.0905139
2.09863e-05, 0.0892877
2.10163e-05, 0.0891683
2.10463e-05, 0.0901536
2.10763e-05, 0.0921606
2.11063e-05, 0.0950402
2.11362e-05, 0.0986015
2.11662e-05, 0.102635
2.11962e-05, 0.106935
2.12262e-05, 0.111306
2.12562e-05, 0.115577
2.12862e-05, 0.119599
2.13162e-05, 0.123245
2.13462e-05, 0.126412
2.13762e-05, 0.12902
2.14062e-05, 0.131005
2.14362e-05, 0.132326
2.14662e-05, 0.132957
2.14962e-05, 0.13289
2.15262e-05, 0.132135
2.15562e-05, 0.130714
2.15862e-05, 0.128667
2.16161e-05, 0.126049
2.16461e-05, 0.122929
2.16761e-05, 0.119391
2.17061e-05, 0.115536
2.17361e-05, 0.111477
2.17661e-05, 0.107344
2.17961e-05, 0.10328
2.18261e-05, 0.0994383
2.18561e-05, 0.0959774
2.18861e-05, 0.0930533
2.19161e-05, 0.0908066
2.19461e-05, 0.0893483
2.19761e-05, 0.088745
2.20061e-05, 0.0890098
2.20361e-05, 0.0900994
2.20661e-05, 0.091921
2.2096e-05, 0.0943456
2.2126e-05, 0.0972232
2.2156e-05, 0.100398
2.2186e-05, 0.10372
2.2216e-05, 0.107051
2.2246e-05, 0.110268
2.2276e-05, 0.11327
2.2306e-05, 0.115971
2.2336e-05, 0.118307
2.2366e-05, 0.120228
2.2396e-05, 0.121703
2.2426e-05, 0.122716
2.2456e-05, 0.123268
2.2486e-05, 0.123371
2.2516e-05, 0.123053
2.2546e-05, 0.122353
2.25759e-05, 0.12132
2.26059e-05, 0.120015
2.26359e-05, 0.118507
2.26659e-05, 0.116869
2.26959e-05, 0.115181
2.27259e-05, 0.11352
2.27559e-05, 0.111961
2.27859e-05, 0.110571
2.28159e-05, 0.109407
2.28459e-05, 0.108509
2.28759e-05, 0.107899
2.29059e-05, 0.107579
2.29359e-05, 0.107532
2.29659e-05, 0.107724
2.29959e-05, 0.108104
2.30259e-05, 0.108613
2.30558e-05, 0.109187
2.30858e-05, 0.109762
2.31158e-05, 0.110276
2.31458e-05, 0.110676
2.31758e-05, 0.11092
2.32058e-05, 0.110978
2.32358e-05, 0.110833
2.32658e-05, 0.110484
2.32958e-05, 0.109944
2.33258e-05, 0.109242
2.33558e-05, 0.108418
2.33858e-05, 0.107526
2.34158e-05, 0.106628
2.34458e-05, 0.105793
2.34758e-05, 0.105092
2.35058e-05, 0.104596
2.35357e-05, 0.104365
2.35657e-05, 0.10445
2.35957e-05, 0.104885
2.36257e-05, 0.105681
2.36557e-05, 0.106831
2.36857e-05, 0.108304
2.37157e-05, 0.11005
2.37457e-05, 0.112002
2.37757e-05, 0.114081
2.38057e-05, 0.116202
2.38357e-05, 0.118273
2.38657e-05, 0.120205
2.38957e-05, 0.121912
2.39257e-05, 0.123314
2.39557e-05, 0.12434
2.39857e-05, 0.124928
2.40156e-05, 0.125031
2.40456e-05, 0.124614
2.40756e-05, 0.123656
2.41056e-05, 0.122153
2.41356e-05, 0.120119
2.41656e-05, 0.117586
2.41956e-05, 0.114605
2.42256e-05, 0.111251
2.42556e-05, 0.107619
2.42856e-05, 0.103827
2.43156e-05, 0.100018
2.43456e-05, 0.0963553
2.43756e-05, 0.0930208
2.44056e-05, 0.090203
2.44356e-05, 0.0880834
2.44656e-05, 0.0868165
2.44955e-05, 0.0865075
2.45255e-05, 0.0871952
2.45555e-05, 0.0888445
2.45855e-05, 0.0913533
2.46155e-05, 0.0945694
2.46455e-05, 0.0983118
2.46755e-05, 0.10239
2.47055e-05, 0.106618
2.47355e-05, 0.110825
2.47655e-05, 0.114857
2.47955e-05, 0.118579
2.48255e-05, 0.121879
2.48555e-05, 0.12466
2.48855e-05, 0.126847
2.49155e-05, 0.128378
2.49455e-05, 0.129211
2.49754e-05, 0.129318
2.50054e-05, 0.128686
2.50354e-05, 0.127316
2.50654e-05, 0.125226
2.50954e-05, 0.122448
2.51254e-05, 0.11903
2.51554e-05, 0.115036
2.51854e-05, 0.11055
2.52154e-05, 0.105674
2.52454e-05, 0.100535
2.52754e-05, 0.0952847
2.53054e-05, 0.0901026
2.53354e-05, 0.0851987
2.53654e-05, 0.0808095
2.53954e-05, 0.077187
2.54254e-05, 0.0745744
2.54553e-05, 0.0731705
2.54853e-05, 0.0730876
2.55153e-05, 0.0743242
2.55453e-05, 0.0767637
2.55753e-05, 0.0802032
2.56053e-05, 0.0843945
2.56353e-05, 0.0890807
2.56653e-05, 0.094021
2.56953e-05, 0.0990018
2.57253e-05, 0.10384
2.57553e-05, 0.108383
2.57853e-05, 0.112502
2.58153e-05, 0.116097
2.58453e-05, 0.119085
2.58753e-05, 0.121403
2.59053e-05, 0.123007
2.59352e-05, 0.12387
2.59652e-05, 0.123978
2.59952e-05, 0.123334
2.60252e-05, 0.121956
2.60552e-05, 0.119877
2.60852e-05, 0.117144
2.61152e-05, 0.113822
2.61452e-05, 0.109988
2.61752e-05, 0.10574
2.62052e-05, 0.101192
2.62352e-05, 0.0964783
2.62652e-05, 0.0917536
2.62952e-05, 0.0871922
2.63252e-05, 0.0829856
2.63552e-05, 0.0793344
2.63852e-05, 0.0764338
2.64151e-05, 0.0744508
2.64451e-05, 0.0734986
2.64751e-05, 0.0736138
2.65051e-05, 0.0747476
2.65351e-05, 0.0767758
2.65651e-05, 0.0795222
2.65951e-05, 0.0827865
2.66251e-05, 0.0863677
2.66551e-05, 0.0900794
2.66851e-05, 0.0937576
2.67151e-05, 0.0972631
2.67451e-05, 0.100481
2.67751e-05, 0.10332
2.68051e-05, 0.105709
2.68351e-05, 0.107595
2.68651e-05, 0.108944
2.6895e-05, 0.109738
2.6925e-05, 0.109972
2.6955e-05, 0.109658
2.6985e-05, 0.10882
2.7015e-05, 0.107497
2.7045e-05, 0.105742
2.7075e-05, 0.10362
2.7105e-05, 0.10121
2.7135e-05, 0.0986028
2.7165e-05, 0.0959018
2.7195e-05, 0.0932184
2.7225e-05, 0.0906697
2.7255e-05, 0.0883733
2.7285e-05, 0.0864394
2.7315e-05, 0.0849625
2.7345e-05, 0.0840117
2.73749e-05, 0.0836234
2.74049e-05, 0.0837959
2.74349e-05, 0.0844904
2.74649e-05, 0.0856356
2.74949e-05, 0.0871358
2.75249e-05, 0.088882
2.75549e-05, 0.0907603
2.75849e-05, 0.0926607
2.76149e-05, 0.0944822
2.76449e-05, 0.0961374
2.76749e-05, 0.0975544
2.77049e-05, 0.0986777
2.77349e-05, 0.0994692
2.77649e-05, 0.0999072
2.77949e-05, 0.0999866
2.78249e-05, 0.099718
2.78548e-05, 0.0991267
2.78848e-05, 0.098252
2.79148e-05, 0.0971454
2.79448e-05, 0.0958694
2.79748e-05, 0.0944955
2.80048e-05, 0.0931011
2.80348e-05, 0.0917667
2.80648e-05, 0.0905714
2.80948e-05, 0.0895886
2.81248e-05, 0.0888806
2.81548e-05, 0.0884936
2.81848e-05, 0.0884544
2.82148e-05, 0.088767
2.82448e-05, 0.0894129
2.82748e-05, 0.0903525
2.83048e-05, 0.0915286
2.83347e-05, 0.092871
2.83647e-05, 0.0943015
2.83947e-05, 0.0957389
2.84247e-05, 0.0971028
2.84547e-05, 0.0983178
2.84847e-05, 0.0993159
2.85147e-05, 0.100039
2.85447e-05, 0.10044
2.85747e-05, 0.100485
2.86047e-05, 0.100154
2.86347e-05, 0.0994427
2.86647e-05, 0.0983616
2.86947e-05, 0.0969384
2.87247e-05, 0.0952175
2.87547e-05, 0.0932607
2.87847e-05, 0.0911465
2.88146e-05, 0.0889693
2.88446e-05, 0.0868366
2.88746e-05, 0.0848646
2.89046e-05, 0.0831724
2.89346e-05, 0.0818723
2.89646e-05, 0.0810597
2.89946e-05, 0.080802
2.90246e-05, 0.0811302
2.90546e-05, 0.0820343
2.90846e-05, 0.0834649
2.91146e-05, 0.0853394
2.91446e-05, 0.0875518
2.91746e-05, 0.0899834
2.92046e-05, 0.0925117
2.92346e-05, 0.0950179
2.92646e-05, 0.0973924
2.92945e-05, 0.0995367
2.93245e-05, 0.101366
2.93545e-05, 0.10281
2.93845e-05, 0.103811
2.94145e-05, 0.104327
2.94445e-05, 0.104327
2.94745e-05, 0.103796
2.95045e-05, 0.102728
2.95345e-05, 0.101132
2.95645e-05, 0.0990305
2.95945e-05, 0.096458
2.96245e-05, 0.0934637
2.96545e-05, 0.0901127
2.96845e-05, 0.0864872
2.97145e-05, 0.082689
2.97445e-05, 0.0788413
2.97744e-05, 0.0750905
2.98044e-05, 0.0716051
2.98344e-05, 0.0685709
2.98644e-05, 0.0661792
2.98944e-05, 0.0646054
2.99244e-05, 0.0639814
2.99544e-05, 0.064369
2.99844e-05, 0.0657446
3.00144e-05, 0.0680044
3.00444e-05, 0.0709859
3.00744e-05, 0.0744959
3.01044e-05, 0.078335
3.01344e-05, 0.0823136
3.01644e-05, 0.0862608
3.01944e-05, 0.0900276
3.02244e-05, 0.0934863
3.02543e-05, 0.0965306
3.02843e-05, 0.0990729
3.03143e-05, 0.101044
3.03443e-05, 0.10239
3.03743e-05, 0.103075
3.04043e-05, 0.103076
3.04343e-05, 0.102386
3.04643e-05, 0.101011
3.04943e-05, 0.0989716
3.05243e-05, 0.096302
3.05543e-05, 0.0930516
3.05843e-05, 0.0892842
3.06143e-05, 0.0850805
3.06443e-05, 0.0805394
3.06743e-05, 0.0757811
3.07043e-05, 0.0709502
3.07342e-05, 0.0662198
3.07642e-05, 0.061794
3.07942e-05, 0.0579056
3.08242e-05, 0.0548028
3.08542e-05, 0.0527189
3.08842e-05, 0.0518244
3.09142e-05, 0.0521785
3.09442e-05, 0.0537075
3.09742e-05, 0.0562271
3.10042e-05, 0.0594921
3.10342e-05, 0.0632461
3.10642e-05, 0.0672528
3.10942e-05, 0.0713102
3.11242e-05, 0.0752512
3.11542e-05, 0.0789408
3.11842e-05, 0.0822715
3.12141e-05, 0.0851582
3.12441e-05, 0.0875358
3.12741e-05, 0.0893557
3.13041e-05, 0.0905843
3.13341e-05, 0.0912015
3.13641e-05, 0.0912001
3.13941e-05, 0.090585
3.14241e-05, 0.0893733
3.14541e-05, 0.0875942
3.14841e-05, 0.0852894
3.15141e-05, 0.0825138
3.15441e-05, 0.0793371
3.15741e-05, 0.0758445
3.16041e-05, 0.0721395
3.16341e-05, 0.068346
3.16641e-05, 0.0646097
3.1694e-05, 0.0610988
3.1724e-05, 0.0580001
3.1754e-05, 0.0555077
3.1784e-05, 0.0538016
3.1814e-05, 0.053017
3.1844e-05, 0.0532137
3.1874e-05, 0.0543597
3.1904e-05, 0.0563394
3.1934e-05, 0.0589802
3.1964e-05, 0.0620853
3.1994e-05, 0.0654601
3.2024e-05, 0.0689268
3.2054e-05, 0.0723315
3.2084e-05, 0.0755448
3.2114e-05, 0.0784603
3.2144e-05, 0.0809929
3.21739e-05, 0.0830764
3.22039e-05, 0.0846619
3.22339e-05, 0.0857164
3.22639e-05, 0.086222
3.22939e-05, 0.0861751
3.23239e-05, 0.0855862
3.23539e-05, 0.0844791
3.23839e-05, 0.0828914
3.24139e-05, 0.0808741
3.24439e-05, 0.0784914
3.24739e-05, 0.0758213
3.25039e-05, 0.0729552
3.25339e-05, 0.0699972
3.25639e-05, 0.0670634
3.25939e-05, 0.0642789
3.26239e-05, 0.0617731
3.26538e-05, 0.0596714
3.26838e-05, 0.0580839
3.27138e-05, 0.0570926
3.27438e-05, 0.0567384
3.27738e-05, 0.0570146
3.28038e-05, 0.0578685
3.28338e-05, 0.0592101
3.28638e-05, 0.0609264
3.28938e-05, 0.0628951
3.29238e-05, 0.0649959
3.29538e-05, 0.0671178
3.29838e-05, 0.0691629
3.30138e-05, 0.0710481
3.30438e-05, 0.0727047
3.30738e-05, 0.0740778
3.31038e-05, 0.0751255
3.31337e-05, 0.0758181
3.31637e-05, 0.0761373
3.31937e-05, 0.0760761
3.32237e-05, 0.075638
3.32537e-05, 0.0748377
3.32837e-05, 0.0737009
3.33137e-05, 0.0722643
3.33437e-05, 0.0705767
3.33737e-05, 0.0686984
3.34037e-05, 0.0667011
3.34337e-05, 0.0646678
3.34637e-05, 0.06269
3.34937e-05, 0.060865
3.35237e-05, 0.0592902
3.35537e-05, 0.0580552
3.35837e-05, 0.0572336
3.36136e-05, 0.0568727
3.36436e-05, 0.0569877
3.36736e-05, 0.0575584
3.37036e-05, 0.0585327
3.37336e-05, 0.0598337
3.37636e-05, 0.061369
3.37936e-05, 0.0630399
3.38236e-05, 0.0647495
3.38536e-05, 0.0664075
3.38836e-05, 0.067934
3.39136e-05, 0.0692611
3.39436e-05, 0.0703337
3.39736e-05, 0.0711092
3.40036e-05, 0.0715575
3.40336e-05, 0.0716605
3.40636e-05, 0.0714117
3.40935e-05, 0.0708156
3.41235e-05, 0.0698877
3.41535e-05, 0.0686538
3.41835e-05, 0.0671503
3.42135e-05, 0.0654241
3.42435e-05, 0.0635322
3.42735e-05, 0.0615418
3.43035e-05, 0.0595294
3.43335e-05, 0.0575791
3.43635e-05, 0.0557802
3.43935e-05, 0.0542222
3.44235e-05, 0.0529884
3.44535e-05, 0.0521477
3.44835e-05, 0.0517457
3.45135e-05, 0.0517987
3.45435e-05, 0.05229
3.45734e-05, 0.0531727
3.46034e-05, 0.0543756
3.46334e-05, 0.0558116
3.46634e-05, 0.0573872
3.46934e-05, 0.0590086
3.47234e-05, 0.060588
3.47534e-05, 0.0620462
3.47834e-05, 0.063315
3.48134e-05, 0.0643378
3.48434e-05, 0.0650702
3.48734e-05, 0.06548
3.49034e-05, 0.0655471
3.49334e-05, 0.0652634
3.49634e-05, 0.0646332
3.49934e-05, 0.0636727
3.50234e-05, 0.0624104
3.50533e-05, 0.0608874
3.50833e-05, 0.0591574
3.51133e-05, 0.0572869
3.51433e-05, 0.0553546
3.51733e-05, 0.0534508
3.52033e-05, 0.0516745
3.52333e-05, 0.0501292
3.52633e-05, 0.048915
3.52933e-05, 0.0481193
3.53233e-05, 0.047805
3.53533e-05, 0.0480012
3.53833e-05, 0.0486982
3.54133e-05, 0.0498497
3.54433e-05, 0.05138
3.54733e-05, 0.053195
3.55033e-05, 0.0551927
3.55332e-05, 0.0572717
3.55632e-05, 0.0593361
3.55932e-05, 0.0612995
3.56232e-05, 0.0630858
3.56532e-05, 0.0646298
3.56832e-05, 0.0658772
3.57132e-05, 0.0667843
3.57432e-05, 0.0673182
3.57732e-05, 0.067456
3.58032e-05, 0.0671859
3.58332e-05, 0.0665066
3.58632e-05, 0.0654282
3.58932e-05, 0.0639732
3.59232e-05, 0.0621767
3.59532e-05, 0.0600881
3.59832e-05, 0.0577722
3.60131e-05, 0.0553105
3.60431e-05, 0.0528026
3.60731e-05, 0.0503656
3.61031e-05, 0.0481325
3.61331e-05, 0.0462453
3.61631e-05, 0.0448427
3.61931e-05, 0.044041
3.62231e-05, 0.043913
3.62531e-05, 0.044472
3.62831e-05, 0.0456683
3.63131e-05, 0.0474008
3.63431e-05, 0.0495376
3.63731e-05, 0.0519356
3.64031e-05, 0.0544565
3.64331e-05, 0.0569748
3.64631e-05, 0.059382
3.6493e-05, 0.0615866
3.6523e-05, 0.0635138
3.6553e-05, 0.0651039
3.6583e-05, 0.0663104
3.6613e-05, 0.0670992
3.6643e-05, 0.067447
3.6673e-05, 0.0673404
3.6703e-05, 0.0667753
3.6733e-05, 0.0657564
3.6763e-05, 0.0642967
3.6793e-05, 0.0624172
3.6823e-05, 0.0601482
3.6853e-05, 0.0575287
3.6883e-05, 0.0546087
3.6913e-05, 0.0514506
3.6943e-05, 0.048132
3.69729e-05, 0.0447499
3.70029e-05, 0.0414255
3.70329e-05, 0.0383087
3.70629e-05, 0.0355801
3.70929e-05, 0.033443
3.71229e-05, 0.032096
3.71529e-05, 0.0316855
3.71829e-05, 0.0322539
3.72129e-05, 0.0337213
3.72429e-05, 0.0359156
3.72729e-05, 0.0386259
3.73029e-05, 0.0416468
3.73329e-05, 0.0447994
3.73629e-05, 0.0479362
3.73929e-05, 0.0509386
3.74229e-05, 0.0537115
3.74528e-05, 0.0561794
3.74828e-05, 0.0582824
3.75128e-05, 0.0599738
3.75428e-05, 0.0612187
3.75728e-05, 0.0619921
3.76028e-05, 0.0622788
3.76328e-05, 0.0620719
3.76628e-05, 0.0613732
3.76928e-05, 0.0601927
3.77228e-05, 0.0585483
3.77528e-05, 0.0564663
3.77828e-05, 0.0539815
3.78128e-05, 0.0511386
3.78428e-05, 0.0479926
3.78728e-05, 0.0446124
3.79028e-05, 0.0410833
3.79327e-05, 0.0375135
3.79627e-05, 0.0340413
3.79927e-05, 0.0308443
3.80227e-05, 0.0281446
3.80527e-05, 0.026196
3.80827e-05, 0.0252325
3.81127e-05, 0.02538
3.81427e-05, 0.026589
3.81727e-05, 0.0286586
3.82027e-05, 0.0313248
3.82327e-05, 0.0343373
3.82627e-05, 0.0374911
3.82927e-05, 0.0406281
3.83227e-05, 0.043628
3.83527e-05, 0.0463993
3.83827e-05, 0.048872
3.84126e-05, 0.0509926
3.84426e-05, 0.0527207
3.84726e-05, 0.0540272
3.85026e-05, 0.0548929
3.85326e-05, 0.0553073
3.85626e-05, 0.0552684
3.85926e-05, 0.0547825
3.86226e-05, 0.0538633
3.86526e-05, 0.0525328
3.86826e-05, 0.050821
3.87126e-05, 0.0487664
3.87426e-05, 0.0464172
3.87726e-05, 0.0438321
3.88026e-05, 0.0410829
3.88326e-05, 0.0382569
3.88626e-05, 0.0354606
3.88925e-05, 0.0328236
3.89225e-05, 0.0304991
3.89525e-05, 0.0286577
3.89825e-05, 0.0274658
3.90125e-05, 0.0270475
3.90425e-05, 0.0274434
3.90725e-05, 0.0285937
3.91025e-05, 0.0303608
3.91325e-05, 0.0325724
3.91625e-05, 0.0350584
3.91925e-05, 0.03767
3.92225e-05, 0.0402839
3.92525e-05, 0.0428012
3.92825e-05, 0.0451428
3.93125e-05, 0.0472458
3.93425e-05, 0.0490609
3.93724e-05, 0.0505498
3.94024e-05, 0.0516847
3.94324e-05, 0.0524464
3.94624e-05, 0.0528248
3.94924e-05, 0.0528183
3.95224e-05, 0.0524336
3.95524e-05, 0.0516861
3.95824e-05, 0.0506
3.96124e-05, 0.0492086
3.96424e-05, 0.0475545
3.96724e-05, 0.0456902
3.97024e-05, 0.0436782
3.97324e-05, 0.0415915
3.97624e-05, 0.0395132
3.97924e-05, 0.0375351
3.98224e-05, 0.0357547
3.98523e-05, 0.0342687
3.98823e-05, 0.0331634
3.99123e-05, 0.032502
3.99423e-05, 0.0323129
3.99723e-05, 0.0325837
4.00023e-05, 0.0332632
4.00323e-05, 0.0342729
4.00623e-05, 0.03552
4.00923e-05, 0.0369099
4.01223e-05, 0.038355
4.01523e-05, 0.0397782
4.01823e-05, 0.0411147
4.02123e-05, 0.0423118
4.02423e-05, 0.0433276
4.02723e-05, 0.04413
4.03023e-05, 0.0446956
4.03322e-05, 0.0450089
4.03622e-05, 0.0450621
4.03922e-05, 0.0448544
4.04222e-05, 0.0443926
4.04522e-05, 0.0436914
4.04822e-05, 0.0427737
4.05122e-05, 0.0416717
4.05422e-05, 0.0404273
4.05722e-05, 0.0390931
4.06022e-05, 0.0377319
4.06322e-05, 0.0364163
4.06622e-05, 0.0352255
4.06922e-05, 0.0342405
4.07222e-05, 0.0335355
4.07522e-05, 0.033168
4.07822e-05, 0.0331685
4.08121e-05, 0.0335344
4.08421e-05, 0.0342293
4.08721e-05, 0.0351895
4.09021e-05, 0.0363336
4.09321e-05, 0.0375726
4.09621e-05, 0.0388189
4.09921e-05, 0.0399913
4.10221e-05, 0.041019
4.10521e-05, 0.0418425
4.10821e-05, 0.0424149
4.11121e-05, 0.0427012
4.11421e-05, 0.0426783
4.11721e-05, 0.0423344
4.12021e-05, 0.0416683
4.12321e-05, 0.0406892
4.12621e-05, 0.0394159
4.1292e-05, 0.0378763
4.1322e-05, 0.0361077
4.1352e-05, 0.0341569
4.1382e-05, 0.0320804
4.1412e-05, 0.0299465
4.1442e-05, 0.0278369
4.1472e-05, 0.0258492
4.1502e-05, 0.0240972
4.1532e-05, 0.0227071
4.1562e-05, 0.0218043
4.1592e-05, 0.0214875
4.1622e-05, 0.021801
4.1652e-05, 0.0227193
4.1682e-05, 0.0241585
4.1712e-05, 0.0260045
4.1742e-05, 0.0281382
4.17719e-05, 0.0304509
4.18019e-05, 0.0328484
4.18319e-05, 0.0352499
4.18619e-05, 0.0375857
4.18919e-05, 0.0397938
4.19219e-05, 0.0418182
4.19519e-05, 0.0436077
4.19819e-05, 0.0451155
4.20119e-05, 0.046299
4.20419e-05, 0.0471207
4.20719e-05, 0.0475486
4.21019e-05, 0.0475576
4.21319e-05, 0.0471306
4.21619e-05, 0.04626
4.21919e-05, 0.0449487
4.22219e-05, 0.0432122
4.22518e-05, 0.0410809
4.22818e-05, 0.0386027
4.23118e-05, 0.0358471
4.23418e-05, 0.0329121
4.23718e-05, 0.0299329
4.24018e-05, 0.0270953
4.24318e-05, 0.0246456
4.24618e-05, 0.0228842
4.24918e-05, 0.0221062
4.25218e-05, 0.0224822
4.25518e-05, 0.0239623
4.25818e-05, 0.0263108
4.26118e-05, 0.0292282
4.26418e-05, 0.0324436
4.26718e-05, 0.0357429
4.27018e-05, 0.0389659
4.27317e-05, 0.0419933
4.27617e-05, 0.0447366
4.27917e-05, 0.0471307
4.28217e-05, 0.0491286
4.28517e-05, 0.0506981
4.28817e-05, 0.0518197
4.29117e-05, 0.0524843
4.29417e-05, 0.0526916
4.29717e-05, 0.0524491
4.30017e-05, 0.0517703
4.30317e-05, 0.0506738
4.30617e-05, 0.0491819
4.30917e-05, 0.0473199
4.31217e-05, 0.0451153
4.31517e-05, 0.0425971
4.31817e-05, 0.0397961
4.32116e-05, 0.0367445
4.32416e-05, 0.0334776
4.32716e-05, 0.0300349
4.33016e-05, 0.0264644
4.33316e-05, 0.0228291
4.33616e-05, 0.0192217
4.33916e-05, 0.0157954
4.34216e-05, 0.0128282
4.34516e-05, 0.0108184
4.34816e-05, 0.0104005
4.35116e-05, 0.0117484
4.35416e-05, 0.0143319
4.35716e-05, 0.0175449
4.36016e-05, 0.021013
4.36316e-05, 0.0245288
4.36616e-05, 0.0279686
4.36915e-05, 0.0312495
4.37215e-05, 0.0343109
4.37515e-05, 0.037105
4.37815e-05, 0.0395938
4.38115e-05, 0.0417464
4.38415e-05, 0.0435388
4.38715e-05, 0.0449529
4.39015e-05, 0.0459769
4.39315e-05, 0.0466046
4.39615e-05, 0.0468353
4.39915e-05, 0.0466738
4.40215e-05, 0.0461297
4.40515e-05, 0.0452174
4.40815e-05, 0.0439554
4.41115e-05, 0.0423658
4.41415e-05, 0.0404741
4.41714e-05, 0.0383085
4.42014e-05, 0.0358991
4.42314e-05, 0.033278
4.42614e-05, 0.0304789
4.42914e-05, 0.0275366
4.43214e-05, 0.0244876
4.43514e-05, 0.0213708
4.43814e-05, 0.0182296
4.44114e-05, 0.0151174
4.44414e-05, 0.0121101
4.44714e-05, 0.00933928
4.45014e-05, 0.00707874
4.45314e-05, 0.00588031
4.45614e-05, 0.00627511
4.45914e-05, 0.00792641
4.46214e-05, 0.0101452
4.46513e-05, 0.0125471
4.46813e-05, 0.0149653
4.47113e-05, 0.0173224
4.47413e-05, 0.0195782
4.47713e-05, 0.02171
4.48013e-05, 0.0237039
4.48313e-05, 0.0255516
4.48613e-05, 0.0272485
4.48913e-05, 0.0287926
4.49213e-05, 0.0301839
4.49513e-05, 0.031424
4.49813e-05, 0.0325161
4.50113e-05, 0.0334642
4.50413e-05, 0.0342735
4.50713e-05, 0.0349501
4.51013e-05, 0.0355007
4.51312e-05, 0.0359327
4.51612e-05, 0.0362541
4.51912e-05, 0.0364734
4.52212e-05, 0.0365994
4.52512e-05, 0.0366413
4.52812e-05, 0.0366086
4.53112e-05, 0.0365108
4.53412e-05, 0.0363576
4.53712e-05, 0.0361589
4.54012e-05, 0.0359243
4.54312e-05, 0.0356633
4.54612e-05, 0.0353851
4.54912e-05, 0.0350988
4.55212e-05, 0.0348126
4.55512e-05, 0.0345346
4.55812e-05, 0.0342719
4.56111e-05, 0.034031
4.56411e-05, 0.0338173
4.56711e-05, 0.0336356
4.57011e-05, 0.0334893
4.57311e-05, 0.033381
4.57611e-05, 0.0333124
4.57911e-05, 0.0332838
4.58211e-05, 0.0332948
4.58511e-05, 0.033344
4.58811e-05, 0.0334295
4.59111e-05, 0.0335482
4.59411e-05, 0.033697
4.59711e-05, 0.0338718
4.60011e-05, 0.0340686
4.60311e-05, 0.0342828
4.60611e-05, 0.0345101
4.6091e-05, 0.0347458
4.6121e-05, 0.0349854
4.6151e-05, 0.0352243
4.6181e-05, 0.0354582
4.6211e-05, 0.0356828
4.6241e-05, 0.0358942
4.6271e-05, 0.0360887
4.6301e-05, 0.0362625
4.6331e-05, 0.0364126
4.6361e-05, 0.0365357
4.6391e-05, 0.0366291
4.6421e-05, 0.0366905
4.6451e-05, 0.0367175
4.6481e-05, 0.0367084
4.6511e-05, 0.0366615
4.6541e-05, 0.0365755
4.65709e-05, 0.0364495
4.66009e-05, 0.0362829
4.66309e-05, 0.0360753
4.66609e-05, 0.0358266
4.66909e-05, 0.0355373
4.67209e-05, 0.0352077
4.67509e-05, 0.034839
4.67809e-05, 0.0344322
4.68109e-05, 0.0339888
4.68409e-05, 0.0335105
4.68709e-05, 0.0329995
4.69009e-05, 0.0324581
4.69309e-05, 0.0318888
4.69609e-05, 0.0312944
4.69909e-05, 0.0306783
4.70209e-05, 0.0300437
4.70508e-05, 0.0293943
4.70808e-05, 0.0287341
4.71108e-05, 0.0280674
4.71408e-05, 0.0273984
4.71708e-05, 0.026732
4.72008e-05, 0.0260731
4.72308e-05, 0.0254266
4.72608e-05, 0.0247977
4.72908e-05, 0.0241916
4.73208e-05, 0.0236136
4.73508e-05, 0.0230685
4.73808e-05, 0.0225611
4.74108e-05, 0.0220958
4.74408e-05, 0.0216765
4.74708e-05, 0.0213063
4.75008e-05, 0.0209876
4.75307e-05, 0.0207218
4.75607e-05, 0.0205096
4.75907e-05, 0.0203506
4.76207e-05, 0.0202431
4.76507e-05, 0.020185
4.76807e-05, 0.0201729
4.77107e-05, 0.020203
4.77407e-05, 0.0202709
4.77707e-05, 0.0203717
4.78007e-05, 0.0205003
4.78307e-05, 0.0206515
4.78607e-05, 0.02082
4.78907e-05, 0.0210009
4.79207e-05, 0.0211892
4.79507e-05, 0.0213803
4.79807e-05, 0.0215699
4.80106e-05, 0.021754
4.80406e-05, 0.0219291
4.80706e-05, 0.0220917
4.81006e-05, 0.0222392
4.81306e-05, 0.0223688
4.81606e-05, 0.0224786
4.81906e-05, 0.0225666
4.82206e-05, 0.0226313
4.82506e-05, 0.0226717
4.82806e-05, 0.0226867
4.83106e-05, 0.0226758
4.83406e-05, 0.0226387
4.83706e-05, 0.0225753
4.84006e-05, 0.0224856
4.84306e-05, 0.02237
4.84606e-05, 0.022229
4.84905e-05, 0.0220632
4.85205e-05, 0.0218735
4.85505e-05, 0.0216607
4.85805e-05, 0.0214259
4.86105e-05, 0.0211703
4.86405e-05, 0.020895
4.86705e-05, 0.0206015
4.87005e-05, 0.0202911
4.87305e-05, 0.0199653
4.87605e-05, 0.0196256
4.87905e-05, 0.0192737
4.88205e-05, 0.0189112
4.88505e-05, 0.0185399
4.88805e-05, 0.0181614
4.89105e-05, 0.0177776
4.89405e-05, 0.0173904
4.89704e-05, 0.0170016
4.90004e-05, 0.0166131
4.90304e-05, 0.016227
4.90604e-05, 0.0158451
4.90904e-05, 0.0154695
4.91204e-05, 0.0151022
4.91504e-05, 0.0147453
4.91804e-05, 0.0144007
4.92104e-05, 0.0140705
4.92404e-05, 0.0137566
4.92704e-05, 0.0134612
4.93004e-05, 0.013186
4.93304e-05, 0.012933
4.93604e-05, 0.0127038
4.93904e-05, 0.0125001
4.94204e-05, 0.0123233
4.94503e-05, 0.0121747
4.94803e-05, 0.0120553
4.95103e-05, 0.0119658
4.95403e-05, 0.0119068
4.95703e-05, 0.0118786
4.96003e-05, 0.0118809
4.96303e-05, 0.0119136
4.96603e-05, 0.011976
4.96903e-05, 0.0120672
4.97203e-05, 0.0121863
4.97503e-05, 0.0123318
4.97803e-05, 0.0125027
4.98103e-05, 0.0126972
4.98403e-05, 0.0129138
4.98703e-05, 0.013151
4.99003e-05, 0.0134071
4.99302e-05, 0.0136804
4.99602e-05, 0.0139694
4.99902e-05, 0.0142723
5.00202e-05, 0.0145875
5.00502e-05, 0.0149137
5.00802e-05, 0.0152491
5.01102e-05, 0.0155924
5.01402e-05, 0.0159421
5.01702e-05, 0.016297
5.02002e-05, 0.0166556
5.02302e-05, 0.0170168
5.02602e-05, 0.0173794
5.02902e-05, 0.0177422
5.03202e-05, 0.0181042
5.03502e-05, 0.0184643
5.03802e-05, 0.0188216
5.04101e-05, 0.0191749
5.04401e-05, 0.0195235
5.04701e-05, 0.0198664
5.05001e-05, 0.0202028
5.05301e-05, 0.0205316
5.05601e-05, 0.0208522
5.05901e-05, 0.0211637
5.06201e-05, 0.0214652
5.06501e-05, 0.0217559
5.06801e-05, 0.0220352
5.07101e-05, 0.0223022
5.07401e-05, 0.0225563
5.07701e-05, 0.0227969
5.08001e-05, 0.0230233
5.08301e-05, 0.023235
5.08601e-05, 0.0234316
5.089e-05, 0.0236127
5.092e-05, 0.0237778
5.095e-05, 0.0239268
5.098e-05, 0.0240593
5.101e-05, 0.0241752
5.104e-05, 0.0242743
5.107e-05, 0.0243565
5.11e-05, 0.0244218


