

x(m), Y
-9.00747e-06, 0.0166647
-8.97748e-06, 0.0176275
-8.94748e-06, 0.018689
-8.91749e-06, 0.0198362
-8.88749e-06, 0.0210522
-8.8575e-06, 0.0223169
-8.82751e-06, 0.0236068
-8.79751e-06, 0.0248952
-8.76752e-06, 0.0261544
-8.73753e-06, 0.0273558
-8.70753e-06, 0.0284729
-8.67754e-06, 0.0294827
-8.64754e-06, 0.0303689
-8.61755e-06, 0.0311244
-8.58756e-06, 0.0317538
-8.55756e-06, 0.0322758
-8.52757e-06, 0.032724
-8.49758e-06, 0.0331469
-8.46758e-06, 0.0336053
-8.43759e-06, 0.0341663
-8.40759e-06, 0.0348954
-8.3776e-06, 0.0358463
-8.34761e-06, 0.037051
-8.31761e-06, 0.0385137
-8.28762e-06, 0.0402085
-8.25763e-06, 0.0420839
-8.22763e-06, 0.0440686
-8.19764e-06, 0.0460813
-8.16764e-06, 0.0480387
-8.13765e-06, 0.049863
-8.10766e-06, 0.0514877
-8.07766e-06, 0.0528627
-8.04767e-06, 0.0539566
-8.01768e-06, 0.0547595
-7.98768e-06, 0.0552828
-7.95769e-06, 0.0555592
-7.92769e-06, 0.0556397
-7.8977e-06, 0.0555898
-7.86771e-06, 0.0554832
-7.83771e-06, 0.0553938
-7.80772e-06, 0.0553875
-7.77773e-06, 0.0555135
-7.74773e-06, 0.0557979
-7.71774e-06, 0.0562412
-7.68774e-06, 0.0568187
-7.65775e-06, 0.057487
-7.62776e-06, 0.0581905
-7.59776e-06, 0.058871
-7.56777e-06, 0.0594753
-7.53778e-06, 0.059962
-7.50778e-06, 0.0603048
-7.47779e-06, 0.0604954
-7.44779e-06, 0.060542
-7.4178e-06, 0.0604669
-7.38781e-06, 0.060302
-7.35781e-06, 0.0600828
-7.32782e-06, 0.0598424
-7.29783e-06, 0.0596047
-7.26783e-06, 0.0593798
-7.23784e-06, 0.0591618
-7.20784e-06, 0.0589281
-7.17785e-06, 0.058643
-7.14786e-06, 0.0582625
-7.11786e-06, 0.0577401
-7.08787e-06, 0.0570341
-7.05788e-06, 0.0561132
-7.02788e-06, 0.0549613
-6.99789e-06, 0.0535814
-6.96789e-06, 0.0519967
-6.9379e-06, 0.0502514
-6.90791e-06, 0.0484079
-6.87791e-06, 0.0465427
-6.84792e-06, 0.0447399
-6.81793e-06, 0.0430812
-6.78793e-06, 0.0416349
-6.75794e-06, 0.0404445
-6.72794e-06, 0.0395197
-6.69795e-06, 0.0388335
-6.66796e-06, 0.0383255
-6.63796e-06, 0.0379123
-6.60797e-06, 0.0375
-6.57798e-06, 0.0369967
-6.54798e-06, 0.0363227
-6.51799e-06, 0.0354168
-6.48799e-06, 0.03424
-6.458e-06, 0.0327767
-6.42801e-06, 0.0310337
-6.39801e-06, 0.0290397
-6.36802e-06, 0.026843
-6.33803e-06, 0.0245105
-6.30803e-06, 0.0221265
-6.27804e-06, 0.0197918
-6.24804e-06, 0.017623
-6.21805e-06, 0.0157476
-6.18806e-06, 0.0142897
-6.15806e-06, 0.0133401
-6.12807e-06, 0.0129161
-6.09808e-06, 0.0129417
-6.06808e-06, 0.0132735
-6.03809e-06, 0.013751
-6.00809e-06, 0.0142355
-5.9781e-06, 0.0146239
-5.94811e-06, 0.0148475
-5.91811e-06, 0.0148661
-5.88812e-06, 0.0146616
-5.85813e-06, 0.0142348
-5.82813e-06, 0.0136025
-5.79814e-06, 0.012799
-5.76814e-06, 0.0118782
-5.73815e-06, 0.0109186
-5.70816e-06, 0.0100294
-5.67816e-06, 0.00935069
-5.64817e-06, 0.00903163
-5.61818e-06, 0.00917582
-5.58818e-06, 0.00978447
-5.55819e-06, 0.0107579
-5.52819e-06, 0.0119512
-5.4982e-06, 0.0132234
-5.46821e-06, 0.0144577
-5.43821e-06, 0.0155629
-5.40822e-06, 0.016471
-5.37823e-06, 0.0171349
-5.34823e-06, 0.0175285
-5.31824e-06, 0.0176474
-5.28824e-06, 0.017511
-5.25825e-06, 0.0171657
-5.22826e-06, 0.0166871
-5.19826e-06, 0.016181
-5.16827e-06, 0.0157771
-5.13828e-06, 0.0156118
-5.10828e-06, 0.0157961
-5.07829e-06, 0.01638
-5.04829e-06, 0.0173356
-5.0183e-06, 0.01857
-4.98831e-06, 0.0199563
-4.95831e-06, 0.0213624
-4.92832e-06, 0.0226681
-4.89833e-06, 0.0237738
-4.86833e-06, 0.0246031
-4.83834e-06, 0.0251044
-4.80834e-06, 0.0252505
-4.77835e-06, 0.0250398
-4.74836e-06, 0.024496
-4.71836e-06, 0.0236679
-4.68837e-06, 0.0226299
-4.65838e-06, 0.0214792
-4.62838e-06, 0.0203322
-4.59839e-06, 0.0193139
-4.56839e-06, 0.0185398
-4.5384e-06, 0.0180906
-4.50841e-06, 0.0179882
-4.47841e-06, 0.0181881
-4.44842e-06, 0.0185938
-4.41843e-06, 0.0190857
-4.38843e-06, 0.0195479
-4.35844e-06, 0.0198863
-4.32845e-06, 0.0200365
-4.29845e-06, 0.0199665
-4.26846e-06, 0.0196764
-4.23846e-06, 0.0191962
-4.20847e-06, 0.0185832
-4.17848e-06, 0.017917
-4.14848e-06, 0.0172902
-4.11849e-06, 0.0167953
-4.0885e-06, 0.0165053
-4.0585e-06, 0.0164552
-4.02851e-06, 0.0166322
-3.99851e-06, 0.0169808
-3.96852e-06, 0.01742
-3.93853e-06, 0.0178652
-3.90853e-06, 0.0182442
-3.87854e-06, 0.0185084
-3.84855e-06, 0.0186379
-3.81855e-06, 0.0186436
-3.78856e-06, 0.0185659
-3.75856e-06, 0.0184701
-3.72857e-06, 0.0184377
-3.69858e-06, 0.0185514
-3.66858e-06, 0.0188771
-3.63859e-06, 0.0194466
-3.6086e-06, 0.0202491
-3.5786e-06, 0.0212358
-3.54861e-06, 0.0223325
-3.51861e-06, 0.0234561
-3.48862e-06, 0.0245278
-3.45863e-06, 0.0254826
-3.42863e-06, 0.026274
-3.39864e-06, 0.0268776
-3.36865e-06, 0.0272906
-3.33865e-06, 0.027531
-3.30866e-06, 0.0276343
-3.27866e-06, 0.0276483
-3.24867e-06, 0.0276263
-3.21868e-06, 0.0276183
-3.18868e-06, 0.027662
-3.15869e-06, 0.0277755
-3.1287e-06, 0.0279528
-3.0987e-06, 0.0281646
-3.06871e-06, 0.0283637
-3.03871e-06, 0.0284924
-3.00872e-06, 0.0284917
-2.97873e-06, 0.0283098
-2.94873e-06, 0.0279086
-2.91874e-06, 0.0272694
-2.88875e-06, 0.0263967
-2.85875e-06, 0.0253218
-2.82876e-06, 0.0241046
-2.79876e-06, 0.0228346
-2.76877e-06, 0.0216298
-2.73878e-06, 0.0206273
-2.70878e-06, 0.0199644
-2.67879e-06, 0.0197462
-2.6488e-06, 0.0200122
-2.6188e-06, 0.0207216
-2.58881e-06, 0.021768
-2.55881e-06, 0.023013
-2.52882e-06, 0.0243171
-2.49883e-06, 0.0255572
-2.46883e-06, 0.0266344
-2.43884e-06, 0.0274745
-2.40885e-06, 0.0280254
-2.37885e-06, 0.0282554
-2.34886e-06, 0.0281491
-2.31886e-06, 0.027706
-2.28887e-06, 0.0269371
-2.25888e-06, 0.0258639
-2.22888e-06, 0.0245163
-2.19889e-06, 0.0229326
-2.1689e-06, 0.02116
-2.1389e-06, 0.0192571
-2.10891e-06, 0.0172988
-2.07891e-06, 0.0153853
-2.04892e-06, 0.0136533
-2.01893e-06, 0.012285
-1.98893e-06, 0.0114887
-1.95894e-06, 0.0114222
-1.92895e-06, 0.0120905
-1.89895e-06, 0.0133365
-1.86896e-06, 0.0149386
-1.83896e-06, 0.0166949
-1.80897e-06, 0.0184485
-1.77898e-06, 0.0200825
-1.74898e-06, 0.0215104
-1.71899e-06, 0.0226689
-1.689e-06, 0.0235143
-1.659e-06, 0.024021
-1.62901e-06, 0.0241822
-1.59901e-06, 0.0240098
-1.56902e-06, 0.0235365
-1.53903e-06, 0.0228165
-1.50903e-06, 0.021927
-1.47904e-06, 0.0209673
-1.44905e-06, 0.0200558
-1.41905e-06, 0.0193201
-1.38906e-06, 0.0188781
-1.35906e-06, 0.0188119
-1.32907e-06, 0.019145
-1.29908e-06, 0.0198368
-1.26908e-06, 0.0207993
-1.23909e-06, 0.0219238
-1.2091e-06, 0.0231046
-1.1791e-06, 0.0242528
-1.14911e-06, 0.0253016
-1.11911e-06, 0.0262068
-1.08912e-06, 0.0269437
-1.05913e-06, 0.0275037
-1.02913e-06, 0.0278896
-9.99139e-07, 0.0281103
-9.69145e-07, 0.0281761
-9.39152e-07, 0.028094
-9.09158e-07, 0.0278644
-8.79164e-07, 0.027479
-8.4917e-07, 0.0269204
-8.19177e-07, 0.0261639
-7.89183e-07, 0.02518
-7.59189e-07, 0.0239387
-7.29195e-07, 0.0224135
-6.99202e-07, 0.0205852
-6.69208e-07, 0.018446
-6.39214e-07, 0.0160032
-6.0922e-07, 0.0132835
-5.79227e-07, 0.0103436
-5.49233e-07, 0.00730703
-5.19239e-07, 0.00454952
-4.89245e-07, 0.0035669
-4.59252e-07, 0.00561786
-4.29258e-07, 0.00878973
-3.99264e-07, 0.0121542
-3.6927e-07, 0.0154547
-3.39277e-07, 0.0185709
-3.09283e-07, 0.0214233
-2.79289e-07, 0.0239536
-2.49295e-07, 0.0261201
-2.19302e-07, 0.0278959
-1.89308e-07, 0.0292684
-1.59314e-07, 0.030239
-1.2932e-07, 0.0308212
-9.93266e-08, 0.0310394
-6.93329e-08, 0.0309261
-3.93392e-08, 0.0305198
-9.3454e-09, 0.0298625
2.06483e-08, 0.0289971
5.06421e-08, 0.0279667
8.06358e-08, 0.0268139
1.1063e-07, 0.0255826
1.40623e-07, 0.024321
1.70617e-07, 0.023087
2.00611e-07, 0.0219533
2.30605e-07, 0.0210116
2.60598e-07, 0.0203708
2.90592e-07, 0.0201442
3.20586e-07, 0.0204239
3.5058e-07, 0.0212526
3.80573e-07, 0.022608
4.10567e-07, 0.0244112
4.40561e-07, 0.0265485
4.70555e-07, 0.0288941
5.00548e-07, 0.0313257
5.30542e-07, 0.0337312
5.60536e-07, 0.0360128
5.9053e-07, 0.0380874
6.20523e-07, 0.0398879
6.50517e-07, 0.041363
6.80511e-07, 0.0424772
7.10505e-07, 0.0432107
7.40498e-07, 0.0435581
7.70492e-07, 0.0435275
8.00486e-07, 0.0431381
8.3048e-07, 0.0424175
8.60473e-07, 0.0413992
8.90467e-07, 0.0401189
9.20461e-07, 0.0386117
9.50455e-07, 0.0369094
9.80448e-07, 0.0350387
1.01044e-06, 0.0330208
1.04044e-06, 0.0308725
1.07043e-06, 0.0286097
1.10042e-06, 0.0262524
1.13042e-06, 0.0238336
1.16041e-06, 0.0214108
1.1904e-06, 0.0190838
1.2204e-06, 0.0170173
1.25039e-06, 0.0154588
1.28039e-06, 0.0147114
1.31038e-06, 0.0150092
1.34037e-06, 0.0163599
1.37037e-06, 0.0185488
1.40036e-06, 0.0212875
1.43035e-06, 0.0243242
1.46035e-06, 0.027468
1.49034e-06, 0.0305785
1.52034e-06, 0.0335524
1.55033e-06, 0.0363133
1.58032e-06, 0.0388069
1.61032e-06, 0.0409971
1.64031e-06, 0.0428643
1.6703e-06, 0.0444035
1.7003e-06, 0.0456229
1.73029e-06, 0.0465414
1.76029e-06, 0.0471871
1.79028e-06, 0.0475945
1.82027e-06, 0.0478026
1.85027e-06, 0.0478522
1.88026e-06, 0.0477837
1.91025e-06, 0.0476359
1.94025e-06, 0.0474445
1.97024e-06, 0.047241
2.00024e-06, 0.0470524
2.03023e-06, 0.0469008
2.06022e-06, 0.0468033
2.09022e-06, 0.0467709
2.12021e-06, 0.0468086
2.1502e-06, 0.0469141
2.1802e-06, 0.0470775
2.21019e-06, 0.0472809
2.24019e-06, 0.047499
2.27018e-06, 0.0476997
2.30017e-06, 0.0478461
2.33017e-06, 0.0478987
2.36016e-06, 0.0478184
2.39015e-06, 0.0475686
2.42015e-06, 0.0471185
2.45014e-06, 0.0464454
2.48014e-06, 0.0455365
2.51013e-06, 0.0443908
2.54012e-06, 0.0430202
2.57012e-06, 0.0414505
2.60011e-06, 0.0397224
2.6301e-06, 0.0378922
2.6601e-06, 0.0360329
2.69009e-06, 0.0342352
2.72009e-06, 0.0326075
2.75008e-06, 0.0312735
2.78007e-06, 0.0303639
2.81007e-06, 0.030001
2.84006e-06, 0.0302776
2.87005e-06, 0.0312371
2.90005e-06, 0.0328661
2.93004e-06, 0.0351023
2.96004e-06, 0.0378521
2.99003e-06, 0.041008
3.02002e-06, 0.0444598
3.05002e-06, 0.0480999
3.08001e-06, 0.0518251
3.11e-06, 0.0555367
3.14e-06, 0.0591401
3.16999e-06, 0.0625452
3.19999e-06, 0.0656675
3.22998e-06, 0.0684293
3.25997e-06, 0.0707611
3.28997e-06, 0.072604
3.31996e-06, 0.0739103
3.34995e-06, 0.0746455
3.37995e-06, 0.0747885
3.40994e-06, 0.0743319
3.43994e-06, 0.0732815
3.46993e-06, 0.0716552
3.49992e-06, 0.0694813
3.52992e-06, 0.0667969
3.55991e-06, 0.0636449
3.5899e-06, 0.0600722
3.6199e-06, 0.056128
3.64989e-06, 0.0518624
3.67989e-06, 0.047327
3.70988e-06, 0.0425771
3.73987e-06, 0.0376783
3.76987e-06, 0.0327192
3.79986e-06, 0.027838
3.82985e-06, 0.023275
3.85985e-06, 0.0194692
3.88984e-06, 0.0171541
3.91984e-06, 0.0171299
3.94983e-06, 0.0195144
3.97982e-06, 0.023626
4.00982e-06, 0.0287102
4.03981e-06, 0.0342666
4.0698e-06, 0.0399903
4.0998e-06, 0.0456809
4.12979e-06, 0.0511923
4.15979e-06, 0.0564097
4.18978e-06, 0.0612393
4.21977e-06, 0.0656045
4.24977e-06, 0.0694448
4.27976e-06, 0.0727156
4.30975e-06, 0.0753881
4.33975e-06, 0.0774491
4.36974e-06, 0.0789005
4.39974e-06, 0.0797577
4.42973e-06, 0.0800483
4.45972e-06, 0.0798094
4.48972e-06, 0.0790855
4.51971e-06, 0.0779252
4.5497e-06, 0.0763795
4.5797e-06, 0.0744987
4.60969e-06, 0.0723318
4.63969e-06, 0.0699253
4.66968e-06, 0.0673236
4.69967e-06, 0.0645706
4.72967e-06, 0.0617114
4.75966e-06, 0.0587956
4.78965e-06, 0.0558801
4.81965e-06, 0.0530323
4.84964e-06, 0.0503317
4.87964e-06, 0.0478699
4.90963e-06, 0.0457465
4.93962e-06, 0.0440609
4.96962e-06, 0.0428986
4.99961e-06, 0.0423155
5.0296e-06, 0.0423241
5.0596e-06, 0.0428886
5.08959e-06, 0.0439315
5.11959e-06, 0.0453475
5.14958e-06, 0.0470214
5.17957e-06, 0.0488423
5.20957e-06, 0.0507133
5.23956e-06, 0.0525567
5.26955e-06, 0.054315
5.29955e-06, 0.0559507
5.32954e-06, 0.0574443
5.35954e-06, 0.0587921
5.38953e-06, 0.0600028
5.41952e-06, 0.0610953
5.44952e-06, 0.0620953
5.47951e-06, 0.0630327
5.5095e-06, 0.0639383
5.5395e-06, 0.0648418
5.56949e-06, 0.0657691
5.59949e-06, 0.06674
5.62948e-06, 0.0677673
5.65947e-06, 0.0688545
5.68947e-06, 0.0699962
5.71946e-06, 0.0711771
5.74945e-06, 0.0723725
5.77945e-06, 0.0735499
5.80944e-06, 0.0746694
5.83944e-06, 0.0756864
5.86943e-06, 0.0765532
5.89942e-06, 0.0772217
5.92942e-06, 0.0776455
5.95941e-06, 0.0777829
5.9894e-06, 0.0775983
6.0194e-06, 0.0770653
6.04939e-06, 0.0761676
6.07939e-06, 0.0749011
6.10938e-06, 0.0732751
6.13937e-06, 0.0713129
6.16937e-06, 0.0690533
6.19936e-06, 0.0665512
6.22935e-06, 0.0638784
6.25935e-06, 0.061125
6.28934e-06, 0.0583999
6.31934e-06, 0.055831
6.34933e-06, 0.0535634
6.37932e-06, 0.0517526
6.40932e-06, 0.0505522
6.43931e-06, 0.0500946
6.4693e-06, 0.0504683
6.4993e-06, 0.0517008
6.52929e-06, 0.0537539
6.55929e-06, 0.0565338
6.58928e-06, 0.0599097
6.61927e-06, 0.0637331
6.64927e-06, 0.0678518
6.67926e-06, 0.0721183
6.70925e-06, 0.0763937
6.73925e-06, 0.0805495
6.76924e-06, 0.0844682
6.79924e-06, 0.0880431
6.82923e-06, 0.0911799
6.85922e-06, 0.0937966
6.88922e-06, 0.0958252
6.91921e-06, 0.0972121
6.9492e-06, 0.0979192
6.9792e-06, 0.0979241
7.00919e-06, 0.0972204
7.03919e-06, 0.0958175
7.06918e-06, 0.0937396
7.09917e-06, 0.091025
7.12917e-06, 0.087725
7.15916e-06, 0.0839028
7.18915e-06, 0.0796329
7.21915e-06, 0.0750015
7.24914e-06, 0.0701079
7.27914e-06, 0.0650685
7.30913e-06, 0.0600226
7.33912e-06, 0.0551416
7.36912e-06, 0.0506403
7.39911e-06, 0.0467843
7.4291e-06, 0.0438828
7.4591e-06, 0.0422459
7.48909e-06, 0.0421008
7.51909e-06, 0.0435021
7.54908e-06, 0.0463069
7.57907e-06, 0.0502385
7.60907e-06, 0.0549765
7.63906e-06, 0.0602202
7.66905e-06, 0.0657127
7.69905e-06, 0.0712411
7.72904e-06, 0.0766307
7.75904e-06, 0.081737
7.78903e-06, 0.086441
7.81902e-06, 0.0906457
7.84902e-06, 0.0942739
7.87901e-06, 0.0972676
7.909e-06, 0.0995863
7.939e-06, 0.101207
7.96899e-06, 0.102124
7.99899e-06, 0.102345
8.02898e-06, 0.101892
8.05897e-06, 0.1008
8.08897e-06, 0.0991112
8.11896e-06, 0.0968793
8.14895e-06, 0.0941627
8.17895e-06, 0.0910261
8.20894e-06, 0.0875392
8.23894e-06, 0.0837771
8.26893e-06, 0.079822
8.29892e-06, 0.0757647
8.32892e-06, 0.0717078
8.35891e-06, 0.0677689
8.3889e-06, 0.0640824
8.4189e-06, 0.0607994
8.44889e-06, 0.0580816
8.47889e-06, 0.0560875
8.50888e-06, 0.0549489
8.53887e-06, 0.0547451
8.56887e-06, 0.0554815
8.59886e-06, 0.0570866
8.62885e-06, 0.0594271
8.65885e-06, 0.0623344
8.68884e-06, 0.0656307
8.71884e-06, 0.0691475
8.74883e-06, 0.0727364
8.77882e-06, 0.0762735
8.80882e-06, 0.0796593
8.83881e-06, 0.0828182
8.8688e-06, 0.0856958
8.8988e-06, 0.0882569
8.92879e-06, 0.0904827
8.95879e-06, 0.0923693
8.98878e-06, 0.0939244
9.01877e-06, 0.0951652
9.04877e-06, 0.0961167
9.07876e-06, 0.0968089
9.10875e-06, 0.0972748
9.13875e-06, 0.0975487
9.16874e-06, 0.0976645
9.19874e-06, 0.0976535
9.22873e-06, 0.0975435
9.25872e-06, 0.0973573
9.28872e-06, 0.0971118
9.31871e-06, 0.0968172
9.3487e-06, 0.0964766
9.3787e-06, 0.0960862
9.40869e-06, 0.0956358
9.43868e-06, 0.0951096
9.46868e-06, 0.0944878
9.49867e-06, 0.0937484
9.52867e-06, 0.0928693
9.55866e-06, 0.0918307
9.58865e-06, 0.0906173
9.61865e-06, 0.0892211
9.64864e-06, 0.0876432
9.67863e-06, 0.0858959
9.70863e-06, 0.0840045
9.73862e-06, 0.0820084
9.76862e-06, 0.0799622
9.79861e-06, 0.0779354
9.8286e-06, 0.076012
9.8586e-06, 0.0742876
9.88859e-06, 0.072866
9.91858e-06, 0.0718523
9.94858e-06, 0.0713448
9.97857e-06, 0.0714248
1.00086e-05, 0.072147
1.00386e-05, 0.0735331
1.00686e-05, 0.0755687
1.00985e-05, 0.0782056
1.01285e-05, 0.0813677
1.01585e-05, 0.0849584
1.01885e-05, 0.0888682
1.02185e-05, 0.0929806
1.02485e-05, 0.097177
1.02785e-05, 0.10134
1.03085e-05, 0.105355
1.03385e-05, 0.109114
1.03685e-05, 0.112515
1.03985e-05, 0.115464
1.04285e-05, 0.117878
1.04585e-05, 0.119685
1.04885e-05, 0.120826
1.05185e-05, 0.121256
1.05485e-05, 0.120946
1.05784e-05, 0.119882
1.06084e-05, 0.118065
1.06384e-05, 0.115516
1.06684e-05, 0.112268
1.06984e-05, 0.108374
1.07284e-05, 0.1039
1.07584e-05, 0.0989309
1.07884e-05, 0.0935676
1.08184e-05, 0.0879318
1.08484e-05, 0.082169
1.08784e-05, 0.076454
1.09084e-05, 0.0709979
1.09384e-05, 0.0660528
1.09684e-05, 0.0619107
1.09984e-05, 0.0588826
1.10284e-05, 0.0572507
1.10583e-05, 0.0571973
1.10883e-05, 0.0587443
1.11183e-05, 0.0617456
1.11483e-05, 0.0659369
1.11783e-05, 0.0710076
1.12083e-05, 0.0766554
1.12383e-05, 0.0826114
1.12683e-05, 0.0886477
1.12983e-05, 0.0945732
1.13283e-05, 0.100229
1.13583e-05, 0.105483
1.13883e-05, 0.110226
1.14183e-05, 0.114369
1.14483e-05, 0.117843
1.14783e-05, 0.120597
1.15083e-05, 0.122595
1.15382e-05, 0.123819
1.15682e-05, 0.124268
1.15982e-05, 0.123955
1.16282e-05, 0.122904
1.16582e-05, 0.121158
1.16882e-05, 0.118767
1.17182e-05, 0.115796
1.17482e-05, 0.112321
1.17782e-05, 0.108428
1.18082e-05, 0.104218
1.18382e-05, 0.0998045
1.18682e-05, 0.0953155
1.18982e-05, 0.0908957
1.19282e-05, 0.086705
1.19582e-05, 0.0829163
1.19882e-05, 0.0797068
1.20181e-05, 0.0772443
1.20481e-05, 0.075667
1.20781e-05, 0.0750605
1.21081e-05, 0.0754412
1.21381e-05, 0.0767502
1.21681e-05, 0.0788637
1.21981e-05, 0.0816137
1.22281e-05, 0.0848121
1.22581e-05, 0.0882704
1.22881e-05, 0.0918142
1.23181e-05, 0.0952907
1.23481e-05, 0.0985725
1.23781e-05, 0.101558
1.24081e-05, 0.104171
1.24381e-05, 0.106359
1.24681e-05, 0.108091
1.2498e-05, 0.109356
1.2528e-05, 0.110161
1.2558e-05, 0.110528
1.2588e-05, 0.110495
1.2618e-05, 0.110109
1.2648e-05, 0.109426
1.2678e-05, 0.108511
1.2708e-05, 0.107434
1.2738e-05, 0.106266
1.2768e-05, 0.105079
1.2798e-05, 0.103945
1.2828e-05, 0.102926
1.2858e-05, 0.10208
1.2888e-05, 0.101452
1.2918e-05, 0.101071
1.2948e-05, 0.100952
1.29779e-05, 0.101092
1.30079e-05, 0.101468
1.30379e-05, 0.102045
1.30679e-05, 0.102771
1.30979e-05, 0.103587
1.31279e-05, 0.104428
1.31579e-05, 0.105226
1.31879e-05, 0.105919
1.32179e-05, 0.106448
1.32479e-05, 0.106768
1.32779e-05, 0.106842
1.33079e-05, 0.106649
1.33379e-05, 0.106183
1.33679e-05, 0.105453
1.33979e-05, 0.104485
1.34279e-05, 0.103317
1.34578e-05, 0.102006
1.34878e-05, 0.100616
1.35178e-05, 0.099226
1.35478e-05, 0.097918
1.35778e-05, 0.0967786
1.36078e-05, 0.0958915
1.36378e-05, 0.0953326
1.36678e-05, 0.0951637
1.36978e-05, 0.0954276
1.37278e-05, 0.0961438
1.37578e-05, 0.0973063
1.37878e-05, 0.0988842
1.38178e-05, 0.100824
1.38478e-05, 0.103054
1.38778e-05, 0.105489
1.39078e-05, 0.108036
1.39377e-05, 0.110596
1.39677e-05, 0.113074
1.39977e-05, 0.115378
1.40277e-05, 0.117423
1.40577e-05, 0.119134
1.40877e-05, 0.120447
1.41177e-05, 0.121309
1.41477e-05, 0.121686
1.41777e-05, 0.121554
1.42077e-05, 0.120907
1.42377e-05, 0.119757
1.42677e-05, 0.11813
1.42977e-05, 0.116071
1.43277e-05, 0.113642
1.43577e-05, 0.110923
1.43877e-05, 0.108011
1.44176e-05, 0.105017
1.44476e-05, 0.102069
1.44776e-05, 0.0993065
1.45076e-05, 0.0968723
1.45376e-05, 0.0949079
1.45676e-05, 0.0935413
1.45976e-05, 0.0928735
1.46276e-05, 0.0929675
1.46576e-05, 0.0938391
1.46876e-05, 0.0954546
1.47176e-05, 0.0977352
1.47476e-05, 0.100567
1.47776e-05, 0.103812
1.48076e-05, 0.10732
1.48376e-05, 0.110942
1.48676e-05, 0.114532
1.48975e-05, 0.117957
1.49275e-05, 0.121096
1.49575e-05, 0.123845
1.49875e-05, 0.126118
1.50175e-05, 0.127845
1.50475e-05, 0.128975
1.50775e-05, 0.129476
1.51075e-05, 0.129332
1.51375e-05, 0.128546
1.51675e-05, 0.12714
1.51975e-05, 0.125153
1.52275e-05, 0.12264
1.52575e-05, 0.119677
1.52875e-05, 0.116353
1.53175e-05, 0.112778
1.53475e-05, 0.109077
1.53774e-05, 0.105392
1.54074e-05, 0.101879
1.54374e-05, 0.0987027
1.54674e-05, 0.0960276
1.54974e-05, 0.0940089
1.55274e-05, 0.0927756
1.55574e-05, 0.0924145
1.55874e-05, 0.0929582
1.56174e-05, 0.094379
1.56474e-05, 0.0965933
1.56774e-05, 0.0994728
1.57074e-05, 0.10286
1.57374e-05, 0.106585
1.57674e-05, 0.110477
1.57974e-05, 0.114372
1.58274e-05, 0.118122
1.58573e-05, 0.121595
1.58873e-05, 0.12468
1.59173e-05, 0.127283
1.59473e-05, 0.129332
1.59773e-05, 0.130773
1.60073e-05, 0.131573
1.60373e-05, 0.131716
1.60673e-05, 0.131206
1.60973e-05, 0.130065
1.61273e-05, 0.128331
1.61573e-05, 0.126061
1.61873e-05, 0.123326
1.62173e-05, 0.120213
1.62473e-05, 0.116828
1.62773e-05, 0.113286
1.63073e-05, 0.10972
1.63372e-05, 0.106269
1.63672e-05, 0.103081
1.63972e-05, 0.100303
1.64272e-05, 0.0980709
1.64572e-05, 0.0965002
1.64872e-05, 0.0956728
1.65172e-05, 0.0956262
1.65472e-05, 0.0963489
1.65772e-05, 0.0977816
1.66072e-05, 0.0998245
1.66372e-05, 0.102349
1.66672e-05, 0.105212
1.66972e-05, 0.108265
1.67272e-05, 0.111364
1.67572e-05, 0.11438
1.67872e-05, 0.117196
1.68171e-05, 0.119714
1.68471e-05, 0.121854
1.68771e-05, 0.123556
1.69071e-05, 0.124777
1.69371e-05, 0.125495
1.69671e-05, 0.125703
1.69971e-05, 0.125412
1.70271e-05, 0.124651
1.70571e-05, 0.123461
1.70871e-05, 0.1219
1.71171e-05, 0.120038
1.71471e-05, 0.117957
1.71771e-05, 0.115751
1.72071e-05, 0.113518
1.72371e-05, 0.111364
1.72671e-05, 0.109392
1.7297e-05, 0.107703
1.7327e-05, 0.106384
1.7357e-05, 0.105505
1.7387e-05, 0.105111
1.7417e-05, 0.105219
1.7447e-05, 0.105816
1.7477e-05, 0.106859
1.7507e-05, 0.108281
1.7537e-05, 0.109993
1.7567e-05, 0.111899
1.7597e-05, 0.113894
1.7627e-05, 0.115874
1.7657e-05, 0.117745
1.7687e-05, 0.119421
1.7717e-05, 0.120828
1.7747e-05, 0.121909
1.77769e-05, 0.122623
1.78069e-05, 0.122945
1.78369e-05, 0.122867
1.78669e-05, 0.1224
1.78969e-05, 0.121571
1.79269e-05, 0.12042
1.79569e-05, 0.119007
1.79869e-05, 0.117402
1.80169e-05, 0.115687
1.80469e-05, 0.113956
1.80769e-05, 0.112306
1.81069e-05, 0.110836
1.81369e-05, 0.109641
1.81669e-05, 0.108805
1.81969e-05, 0.108394
1.82269e-05, 0.108454
1.82568e-05, 0.109
1.82868e-05, 0.110019
1.83168e-05, 0.111471
1.83468e-05, 0.113289
1.83768e-05, 0.115387
1.84068e-05, 0.117665
1.84368e-05, 0.120018
1.84668e-05, 0.122339
1.84968e-05, 0.124525
1.85268e-05, 0.12648
1.85568e-05, 0.128119
1.85868e-05, 0.129373
1.86168e-05, 0.130186
1.86468e-05, 0.130517
1.86768e-05, 0.130346
1.87068e-05, 0.129668
1.87367e-05, 0.128498
1.87667e-05, 0.12687
1.87967e-05, 0.124834
1.88267e-05, 0.122463
1.88567e-05, 0.119843
1.88867e-05, 0.117082
1.89167e-05, 0.1143
1.89467e-05, 0.11163
1.89767e-05, 0.109209
1.90067e-05, 0.107177
1.90367e-05, 0.105662
1.90667e-05, 0.104769
1.90967e-05, 0.104572
1.91267e-05, 0.105104
1.91567e-05, 0.106352
1.91867e-05, 0.108259
1.92166e-05, 0.110729
1.92466e-05, 0.113639
1.92766e-05, 0.116851
1.93066e-05, 0.120217
1.93366e-05, 0.123592
1.93666e-05, 0.126837
1.93966e-05, 0.129825
1.94266e-05, 0.132445
1.94566e-05, 0.1346
1.94866e-05, 0.13621
1.95166e-05, 0.137216
1.95466e-05, 0.137575
1.95766e-05, 0.137264
1.96066e-05, 0.136279
1.96366e-05, 0.134638
1.96666e-05, 0.132376
1.96965e-05, 0.129552
1.97265e-05, 0.126244
1.97565e-05, 0.122552
1.97865e-05, 0.118598
1.98165e-05, 0.114524
1.98465e-05, 0.110493
1.98765e-05, 0.106684
1.99065e-05, 0.103283
1.99365e-05, 0.100476
1.99665e-05, 0.0984324
1.99965e-05, 0.0972829
2.00265e-05, 0.0971051
2.00565e-05, 0.0979097
2.00865e-05, 0.0996391
2.01165e-05, 0.102176
2.01465e-05, 0.105363
2.01764e-05, 0.109016
2.02064e-05, 0.112946
2.02364e-05, 0.116972
2.02664e-05, 0.120923
2.02964e-05, 0.12465
2.03264e-05, 0.128021
2.03564e-05, 0.130928
2.03864e-05, 0.133279
2.04164e-05, 0.135005
2.04464e-05, 0.136054
2.04764e-05, 0.136395
2.05064e-05, 0.136012
2.05364e-05, 0.134909
2.05664e-05, 0.133107
2.05964e-05, 0.130644
2.06264e-05, 0.127577
2.06563e-05, 0.123979
2.06863e-05, 0.119945
2.07163e-05, 0.115587
2.07463e-05, 0.111037
2.07763e-05, 0.106452
2.08063e-05, 0.102005
2.08363e-05, 0.0978878
2.08663e-05, 0.0943004
2.08963e-05, 0.0914398
2.09263e-05, 0.0894793
2.09563e-05, 0.0885458
2.09863e-05, 0.0886984
2.10163e-05, 0.0899176
2.10463e-05, 0.0921082
2.10763e-05, 0.0951163
2.11063e-05, 0.0987523
2.11362e-05, 0.102813
2.11662e-05, 0.107099
2.11962e-05, 0.111427
2.12262e-05, 0.115632
2.12562e-05, 0.119573
2.12862e-05, 0.123131
2.13162e-05, 0.12621
2.13462e-05, 0.128732
2.13762e-05, 0.130642
2.14062e-05, 0.1319
2.14362e-05, 0.132487
2.14662e-05, 0.132398
2.14962e-05, 0.131644
2.15262e-05, 0.130255
2.15562e-05, 0.128271
2.15862e-05, 0.125751
2.16161e-05, 0.122768
2.16461e-05, 0.119407
2.16761e-05, 0.115771
2.17061e-05, 0.111973
2.17361e-05, 0.108143
2.17661e-05, 0.104419
2.17961e-05, 0.100946
2.18261e-05, 0.0978726
2.18561e-05, 0.0953359
2.18861e-05, 0.0934549
2.19161e-05, 0.0923161
2.19461e-05, 0.0919628
2.19761e-05, 0.0923891
2.20061e-05, 0.0935409
2.20361e-05, 0.095323
2.20661e-05, 0.0976118
2.2096e-05, 0.100268
2.2126e-05, 0.103151
2.2156e-05, 0.106123
2.2186e-05, 0.109062
2.2216e-05, 0.11186
2.2246e-05, 0.114429
2.2276e-05, 0.116697
2.2306e-05, 0.118611
2.2336e-05, 0.120137
2.2366e-05, 0.121254
2.2396e-05, 0.121961
2.2426e-05, 0.122267
2.2456e-05, 0.122198
2.2486e-05, 0.121791
2.2516e-05, 0.121094
2.2546e-05, 0.120162
2.25759e-05, 0.119059
2.26059e-05, 0.117855
2.26359e-05, 0.116619
2.26659e-05, 0.11542
2.26959e-05, 0.114322
2.27259e-05, 0.113379
2.27559e-05, 0.112636
2.27859e-05, 0.11212
2.28159e-05, 0.111842
2.28459e-05, 0.111795
2.28759e-05, 0.111955
2.29059e-05, 0.112284
2.29359e-05, 0.112732
2.29659e-05, 0.113241
2.29959e-05, 0.113749
2.30259e-05, 0.114197
2.30558e-05, 0.114529
2.30858e-05, 0.114698
2.31158e-05, 0.114666
2.31458e-05, 0.11441
2.31758e-05, 0.113919
2.32058e-05, 0.113198
2.32358e-05, 0.112267
2.32658e-05, 0.111164
2.32958e-05, 0.109937
2.33258e-05, 0.10865
2.33558e-05, 0.107377
2.33858e-05, 0.106199
2.34158e-05, 0.1052
2.34458e-05, 0.104461
2.34758e-05, 0.104055
2.35058e-05, 0.104038
2.35357e-05, 0.104449
2.35657e-05, 0.1053
2.35957e-05, 0.106578
2.36257e-05, 0.108245
2.36557e-05, 0.11024
2.36857e-05, 0.112484
2.37157e-05, 0.114887
2.37457e-05, 0.11735
2.37757e-05, 0.119773
2.38057e-05, 0.122058
2.38357e-05, 0.124109
2.38657e-05, 0.125842
2.38957e-05, 0.127179
2.39257e-05, 0.128054
2.39557e-05, 0.128415
2.39857e-05, 0.128221
2.40156e-05, 0.127447
2.40456e-05, 0.126084
2.40756e-05, 0.124139
2.41056e-05, 0.121637
2.41356e-05, 0.118623
2.41656e-05, 0.115162
2.41956e-05, 0.11134
2.42256e-05, 0.107269
2.42556e-05, 0.103085
2.42856e-05, 0.0989475
2.43156e-05, 0.0950419
2.43456e-05, 0.0915695
2.43756e-05, 0.0887373
2.44056e-05, 0.0867389
2.44356e-05, 0.0857293
2.44656e-05, 0.0858002
2.44955e-05, 0.0869622
2.45255e-05, 0.089143
2.45555e-05, 0.0922013
2.45855e-05, 0.0959505
2.46155e-05, 0.100183
2.46455e-05, 0.104692
2.46755e-05, 0.109281
2.47055e-05, 0.113773
2.47355e-05, 0.118015
2.47655e-05, 0.121875
2.47955e-05, 0.125241
2.48255e-05, 0.128024
2.48555e-05, 0.130151
2.48855e-05, 0.131569
2.49155e-05, 0.132242
2.49455e-05, 0.132147
2.49754e-05, 0.131281
2.50054e-05, 0.129653
2.50354e-05, 0.127288
2.50654e-05, 0.124228
2.50954e-05, 0.12053
2.51254e-05, 0.116268
2.51554e-05, 0.111534
2.51854e-05, 0.106443
2.52154e-05, 0.10113
2.52454e-05, 0.0957581
2.52754e-05, 0.0905184
2.53054e-05, 0.0856304
2.53354e-05, 0.0813375
2.53654e-05, 0.077892
2.53954e-05, 0.0755283
2.54254e-05, 0.0744237
2.54553e-05, 0.0746593
2.54853e-05, 0.0761996
2.55153e-05, 0.0788994
2.55453e-05, 0.0825378
2.55753e-05, 0.0868594
2.56053e-05, 0.0916076
2.56353e-05, 0.0965461
2.56653e-05, 0.101467
2.56953e-05, 0.106195
2.57253e-05, 0.110582
2.57553e-05, 0.114507
2.57853e-05, 0.117876
2.58153e-05, 0.120611
2.58453e-05, 0.122658
2.58753e-05, 0.123981
2.59053e-05, 0.124557
2.59352e-05, 0.124384
2.59652e-05, 0.123475
2.59952e-05, 0.121855
2.60252e-05, 0.119569
2.60552e-05, 0.116675
2.60852e-05, 0.113248
2.61152e-05, 0.109377
2.61452e-05, 0.105171
2.61752e-05, 0.100756
2.62052e-05, 0.096273
2.62352e-05, 0.0918842
2.62652e-05, 0.0877643
2.62952e-05, 0.0840973
2.63252e-05, 0.0810641
2.63552e-05, 0.078826
2.63852e-05, 0.0775033
2.64151e-05, 0.0771556
2.64451e-05, 0.0777703
2.64751e-05, 0.0792639
2.65051e-05, 0.081498
2.65351e-05, 0.0843003
2.65651e-05, 0.0874875
2.65951e-05, 0.090881
2.66251e-05, 0.0943186
2.66551e-05, 0.0976583
2.66851e-05, 0.100781
2.67151e-05, 0.10359
2.67451e-05, 0.106008
2.67751e-05, 0.10798
2.68051e-05, 0.109466
2.68351e-05, 0.110445
2.68651e-05, 0.11091
2.6895e-05, 0.11087
2.6925e-05, 0.11035
2.6955e-05, 0.109385
2.6985e-05, 0.108027
2.7015e-05, 0.106338
2.7045e-05, 0.104392
2.7075e-05, 0.102276
2.7105e-05, 0.100083
2.7135e-05, 0.0979127
2.7165e-05, 0.0958666
2.7195e-05, 0.094043
2.7225e-05, 0.0925308
2.7255e-05, 0.0914027
2.7285e-05, 0.0907084
2.7315e-05, 0.0904701
2.7345e-05, 0.0906798
2.73749e-05, 0.0913006
2.74049e-05, 0.0922707
2.74349e-05, 0.0935099
2.74649e-05, 0.0949268
2.74949e-05, 0.0964263
2.75249e-05, 0.0979156
2.75549e-05, 0.0993096
2.75849e-05, 0.100534
2.76149e-05, 0.101529
2.76449e-05, 0.102248
2.76749e-05, 0.102662
2.77049e-05, 0.102759
2.77349e-05, 0.102539
2.77649e-05, 0.102022
2.77949e-05, 0.101241
2.78249e-05, 0.100242
2.78548e-05, 0.0990836
2.78848e-05, 0.0978357
2.79148e-05, 0.0965739
2.79448e-05, 0.0953781
2.79748e-05, 0.0943276
2.80048e-05, 0.0934961
2.80348e-05, 0.092946
2.80648e-05, 0.0927241
2.80948e-05, 0.0928566
2.81248e-05, 0.0933471
2.81548e-05, 0.094176
2.81848e-05, 0.0953023
2.82148e-05, 0.096667
2.82448e-05, 0.0981978
2.82748e-05, 0.099814
2.83048e-05, 0.101431
2.83347e-05, 0.102966
2.83647e-05, 0.10434
2.83947e-05, 0.105479
2.84247e-05, 0.10632
2.84547e-05, 0.106812
2.84847e-05, 0.106914
2.85147e-05, 0.106598
2.85447e-05, 0.105853
2.85747e-05, 0.10468
2.86047e-05, 0.1031
2.86347e-05, 0.101147
2.86647e-05, 0.0988768
2.86947e-05, 0.0963614
2.87247e-05, 0.0936924
2.87547e-05, 0.0909792
2.87847e-05, 0.0883473
2.88146e-05, 0.085933
2.88446e-05, 0.0838768
2.88746e-05, 0.0823123
2.89046e-05, 0.0813523
2.89346e-05, 0.081075
2.89646e-05, 0.0815124
2.89946e-05, 0.0826451
2.90246e-05, 0.0844053
2.90546e-05, 0.0866862
2.90846e-05, 0.0893555
2.91146e-05, 0.0922688
2.91446e-05, 0.0952811
2.91746e-05, 0.0982547
2.92046e-05, 0.101064
2.92346e-05, 0.1036
2.92646e-05, 0.105767
2.92945e-05, 0.107488
2.93245e-05, 0.108702
2.93545e-05, 0.109363
2.93845e-05, 0.109439
2.94145e-05, 0.108913
2.94445e-05, 0.107781
2.94745e-05, 0.106054
2.95045e-05, 0.103756
2.95345e-05, 0.100923
2.95645e-05, 0.0976065
2.95945e-05, 0.0938743
2.96245e-05, 0.0898105
2.96545e-05, 0.0855195
2.96845e-05, 0.0811276
2.97145e-05, 0.0767862
2.97445e-05, 0.0726734
2.97744e-05, 0.0689911
2.98044e-05, 0.0659562
2.98344e-05, 0.0637803
2.98644e-05, 0.0626378
2.98944e-05, 0.0626291
2.99244e-05, 0.0637559
2.99544e-05, 0.0659192
2.99844e-05, 0.0689431
3.00144e-05, 0.0726107
3.00444e-05, 0.0766962
3.00744e-05, 0.080986
3.01044e-05, 0.0852897
3.01344e-05, 0.0894429
3.01644e-05, 0.0933063
3.01944e-05, 0.0967642
3.02244e-05, 0.099722
3.02543e-05, 0.102104
3.02843e-05, 0.103853
3.03143e-05, 0.104926
3.03443e-05, 0.105297
3.03743e-05, 0.104956
3.04043e-05, 0.103905
3.04343e-05, 0.102162
3.04643e-05, 0.0997587
3.04943e-05, 0.0967416
3.05243e-05, 0.0931723
3.05543e-05, 0.089129
3.05843e-05, 0.0847075
3.06143e-05, 0.0800243
3.06443e-05, 0.0752187
3.06743e-05, 0.0704573
3.07043e-05, 0.0659351
3.07342e-05, 0.0618753
3.07642e-05, 0.0585194
3.07942e-05, 0.0561025
3.08242e-05, 0.0548135
3.08542e-05, 0.0547479
3.08842e-05, 0.0558783
3.09142e-05, 0.0580609
3.09442e-05, 0.0610748
3.09742e-05, 0.064671
3.10042e-05, 0.0686086
3.10342e-05, 0.0726743
3.10642e-05, 0.0766885
3.10942e-05, 0.0805042
3.11242e-05, 0.0840027
3.11542e-05, 0.0870903
3.11842e-05, 0.0896939
3.12141e-05, 0.091759
3.12441e-05, 0.093247
3.12741e-05, 0.0941345
3.13041e-05, 0.0944114
3.13341e-05, 0.0940811
3.13641e-05, 0.0931598
3.13941e-05, 0.0916765
3.14241e-05, 0.0896733
3.14541e-05, 0.0872056
3.14841e-05, 0.0843432
3.15141e-05, 0.0811707
3.15441e-05, 0.0777889
3.15741e-05, 0.0743154
3.16041e-05, 0.0708849
3.16341e-05, 0.0676477
3.16641e-05, 0.0647648
3.1694e-05, 0.062398
3.1724e-05, 0.0606945
3.1754e-05, 0.0597659
3.1784e-05, 0.0596685
3.1814e-05, 0.0603912
3.1844e-05, 0.0618574
3.1874e-05, 0.0639402
3.1904e-05, 0.0664836
3.1934e-05, 0.0693233
3.1964e-05, 0.0723011
3.1994e-05, 0.0752743
3.2024e-05, 0.0781187
3.2054e-05, 0.0807304
3.2084e-05, 0.0830244
3.2114e-05, 0.0849343
3.2144e-05, 0.0864104
3.21739e-05, 0.0874191
3.22039e-05, 0.0879419
3.22339e-05, 0.0879745
3.22639e-05, 0.0875268
3.22939e-05, 0.086622
3.23239e-05, 0.0852967
3.23539e-05, 0.0836003
3.23839e-05, 0.0815946
3.24139e-05, 0.0793537
3.24439e-05, 0.0769629
3.24739e-05, 0.0745168
3.25039e-05, 0.0721179
3.25339e-05, 0.069872
3.25639e-05, 0.0678832
3.25939e-05, 0.0662467
3.26239e-05, 0.0650402
3.26538e-05, 0.0643162
3.26838e-05, 0.0640947
3.27138e-05, 0.0643617
3.27438e-05, 0.0650709
3.27738e-05, 0.0661505
3.28038e-05, 0.0675117
3.28338e-05, 0.069058
3.28638e-05, 0.070693
3.28938e-05, 0.0723256
3.29238e-05, 0.0738742
3.29538e-05, 0.0752681
3.29838e-05, 0.0764487
3.30138e-05, 0.0773698
3.30438e-05, 0.0779967
3.30738e-05, 0.078307
3.31038e-05, 0.0782893
3.31337e-05, 0.0779436
3.31637e-05, 0.077281
3.31937e-05, 0.0763236
3.32237e-05, 0.075105
3.32537e-05, 0.0736693
3.32837e-05, 0.072072
3.33137e-05, 0.0703784
3.33437e-05, 0.0686631
3.33737e-05, 0.0670073
3.34037e-05, 0.0654953
3.34337e-05, 0.0642098
3.34637e-05, 0.0632249
3.34937e-05, 0.0625997
3.35237e-05, 0.062371
3.35537e-05, 0.0625485
3.35837e-05, 0.0631139
3.36136e-05, 0.0640224
3.36436e-05, 0.065208
3.36736e-05, 0.0665908
3.37036e-05, 0.068084
3.37336e-05, 0.0696005
3.37636e-05, 0.0710572
3.37936e-05, 0.0723792
3.38236e-05, 0.0735019
3.38536e-05, 0.0743717
3.38836e-05, 0.0749472
3.39136e-05, 0.0751993
3.39436e-05, 0.0751107
3.39736e-05, 0.0746766
3.40036e-05, 0.0739039
3.40336e-05, 0.0728113
3.40636e-05, 0.0714292
3.40935e-05, 0.0697998
3.41235e-05, 0.0679765
3.41535e-05, 0.0660243
3.41835e-05, 0.0640186
3.42135e-05, 0.062044
3.42435e-05, 0.0601922
3.42735e-05, 0.0585573
3.43035e-05, 0.0572299
3.43335e-05, 0.0562891
3.43635e-05, 0.0557935
3.43935e-05, 0.0557735
3.44235e-05, 0.0562262
3.44535e-05, 0.0571162
3.44835e-05, 0.0583795
3.45135e-05, 0.059932
3.45435e-05, 0.0616784
3.45734e-05, 0.0635197
3.46034e-05, 0.06536
3.46334e-05, 0.0671105
3.46634e-05, 0.0686917
3.46934e-05, 0.0700356
3.47234e-05, 0.0710855
3.47534e-05, 0.0717971
3.47834e-05, 0.0721382
3.48134e-05, 0.0720888
3.48434e-05, 0.0716417
3.48734e-05, 0.0708018
3.49034e-05, 0.0695875
3.49334e-05, 0.0680299
3.49634e-05, 0.0661745
3.49934e-05, 0.0640806
3.50234e-05, 0.0618226
3.50533e-05, 0.0594899
3.50833e-05, 0.0571862
3.51133e-05, 0.0550275
3.51433e-05, 0.053137
3.51733e-05, 0.0516367
3.52033e-05, 0.0506349
3.52333e-05, 0.0502114
3.52633e-05, 0.0504042
3.52933e-05, 0.0512023
3.53233e-05, 0.0525484
3.53533e-05, 0.0543494
3.53833e-05, 0.0564906
3.54133e-05, 0.05885
3.54433e-05, 0.0613081
3.54733e-05, 0.0637545
3.55033e-05, 0.0660908
3.55332e-05, 0.0682315
3.55632e-05, 0.0701044
3.55932e-05, 0.0716495
3.56232e-05, 0.0728187
3.56532e-05, 0.0735748
3.56832e-05, 0.0738915
3.57132e-05, 0.0737532
3.57432e-05, 0.0731547
3.57732e-05, 0.072102
3.58032e-05, 0.0706123
3.58332e-05, 0.0687154
3.58632e-05, 0.0664542
3.58932e-05, 0.0638865
3.59232e-05, 0.0610867
3.59532e-05, 0.0581477
3.59832e-05, 0.0551824
3.60131e-05, 0.0523252
3.60431e-05, 0.0497292
3.60731e-05, 0.0475594
3.61031e-05, 0.0459771
3.61331e-05, 0.0451162
3.61631e-05, 0.0450552
3.61931e-05, 0.0457976
3.62231e-05, 0.0472709
3.62531e-05, 0.0493444
3.62831e-05, 0.0518566
3.63131e-05, 0.0546402
3.63431e-05, 0.0575382
3.63731e-05, 0.0604122
3.64031e-05, 0.0631445
3.64331e-05, 0.0656381
3.64631e-05, 0.067814
3.6493e-05, 0.0696102
3.6523e-05, 0.070979
3.6553e-05, 0.0718857
3.6583e-05, 0.0723075
3.6613e-05, 0.0722321
3.6643e-05, 0.071657
3.6673e-05, 0.0705894
3.6703e-05, 0.0690451
3.6733e-05, 0.0670492
3.6763e-05, 0.0646359
3.6793e-05, 0.0618492
3.6823e-05, 0.0587443
3.6853e-05, 0.0553894
3.6883e-05, 0.0518683
3.6913e-05, 0.048284
3.6943e-05, 0.0447637
3.69729e-05, 0.0414624
3.70029e-05, 0.0385643
3.70329e-05, 0.0362741
3.70629e-05, 0.0347907
3.70929e-05, 0.0342612
3.71229e-05, 0.0347322
3.71529e-05, 0.0361294
3.71829e-05, 0.0382847
3.72129e-05, 0.0409866
3.72429e-05, 0.044025
3.72729e-05, 0.0472142
3.73029e-05, 0.0504002
3.73329e-05, 0.0534586
3.73629e-05, 0.0562898
3.73929e-05, 0.0588149
3.74229e-05, 0.0609717
3.74528e-05, 0.0627122
3.74828e-05, 0.064001
3.75128e-05, 0.0648134
3.75428e-05, 0.0651347
3.75728e-05, 0.0649597
3.76028e-05, 0.0642923
3.76328e-05, 0.0631451
3.76628e-05, 0.0615398
3.76928e-05, 0.0595071
3.77228e-05, 0.0570872
3.77528e-05, 0.0543313
3.77828e-05, 0.0513027
3.78128e-05, 0.0480789
3.78428e-05, 0.0447556
3.78728e-05, 0.0414502
3.79028e-05, 0.0383065
3.79327e-05, 0.035497
3.79627e-05, 0.0332171
3.79927e-05, 0.0316642
3.80227e-05, 0.0309946
3.80527e-05, 0.0312731
3.80827e-05, 0.0324456
3.81127e-05, 0.0343595
3.81427e-05, 0.0368137
3.81727e-05, 0.039605
3.82027e-05, 0.0425539
3.82327e-05, 0.0455124
3.82627e-05, 0.0483618
3.82927e-05, 0.0510083
3.83227e-05, 0.0533785
3.83527e-05, 0.0554154
3.83827e-05, 0.0570762
3.84126e-05, 0.05833
3.84426e-05, 0.0591568
3.84726e-05, 0.0595467
3.85026e-05, 0.0594996
3.85326e-05, 0.0590246
3.85626e-05, 0.0581402
3.85926e-05, 0.0568743
3.86226e-05, 0.0552647
3.86526e-05, 0.0533594
3.86826e-05, 0.0512173
3.87126e-05, 0.0489094
3.87426e-05, 0.0465192
3.87726e-05, 0.0441438
3.88026e-05, 0.0418931
3.88326e-05, 0.039887
3.88626e-05, 0.0382482
3.88925e-05, 0.0370895
3.89225e-05, 0.0364964
3.89525e-05, 0.0365098
3.89825e-05, 0.037116
3.90125e-05, 0.03825
3.90425e-05, 0.0398101
3.90725e-05, 0.0416766
3.91025e-05, 0.0437282
3.91325e-05, 0.0458522
3.91625e-05, 0.0479495
3.91925e-05, 0.0499358
3.92225e-05, 0.0517419
3.92525e-05, 0.0533116
3.92825e-05, 0.0546014
3.93125e-05, 0.0555791
3.93425e-05, 0.056223
3.93724e-05, 0.0565218
3.94024e-05, 0.0564736
3.94324e-05, 0.0560866
3.94624e-05, 0.0553783
3.94924e-05, 0.0543762
3.95224e-05, 0.0531176
3.95524e-05, 0.0516493
3.95824e-05, 0.0500282
3.96124e-05, 0.0483199
3.96424e-05, 0.0465983
3.96724e-05, 0.044943
3.97024e-05, 0.043436
3.97324e-05, 0.0421559
3.97624e-05, 0.0411712
3.97924e-05, 0.0405323
3.98224e-05, 0.0402644
3.98523e-05, 0.0403637
3.98823e-05, 0.0407983
3.99123e-05, 0.0415131
3.99423e-05, 0.0424378
3.99723e-05, 0.0434955
4.00023e-05, 0.0446093
4.00323e-05, 0.0457078
4.00623e-05, 0.0467277
4.00923e-05, 0.0476152
4.01223e-05, 0.0483267
4.01523e-05, 0.048828
4.01823e-05, 0.0490945
4.02123e-05, 0.0491101
4.02423e-05, 0.0488673
4.02723e-05, 0.0483667
4.03023e-05, 0.0476173
4.03322e-05, 0.0466364
4.03622e-05, 0.0454507
4.03922e-05, 0.0440967
4.04222e-05, 0.0426216
4.04522e-05, 0.0410841
4.04822e-05, 0.0395548
4.05122e-05, 0.0381146
4.05422e-05, 0.0368529
4.05722e-05, 0.0358599
4.06022e-05, 0.0352179
4.06322e-05, 0.0349885
4.06622e-05, 0.035201
4.06922e-05, 0.0358459
4.07222e-05, 0.0368759
4.07522e-05, 0.038214
4.07822e-05, 0.0397657
4.08121e-05, 0.04143
4.08421e-05, 0.0431082
4.08721e-05, 0.0447092
4.09021e-05, 0.0461525
4.09321e-05, 0.0473696
4.09621e-05, 0.048304
4.09921e-05, 0.0489116
4.10221e-05, 0.0491601
4.10521e-05, 0.0490288
4.10821e-05, 0.0485082
4.11121e-05, 0.0475996
4.11421e-05, 0.0463148
4.11721e-05, 0.0446758
4.12021e-05, 0.0427148
4.12321e-05, 0.0404743
4.12621e-05, 0.0380075
4.1292e-05, 0.03538
4.1322e-05, 0.032672
4.1352e-05, 0.0299819
4.1382e-05, 0.0274308
4.1412e-05, 0.0251665
4.1442e-05, 0.0233603
4.1472e-05, 0.0221886
4.1502e-05, 0.0217903
4.1532e-05, 0.0222154
4.1562e-05, 0.0234033
4.1592e-05, 0.0252116
4.1622e-05, 0.0274697
4.1652e-05, 0.0300181
4.1682e-05, 0.0327245
4.1712e-05, 0.0354832
4.1742e-05, 0.0382102
4.17719e-05, 0.0408369
4.18019e-05, 0.0433051
4.18319e-05, 0.0455638
4.18619e-05, 0.0475673
4.18919e-05, 0.0492735
4.19219e-05, 0.0506441
4.19519e-05, 0.0516445
4.19819e-05, 0.0522444
4.20119e-05, 0.0524185
4.20419e-05, 0.052148
4.20719e-05, 0.0514213
4.21019e-05, 0.0502357
4.21319e-05, 0.0485988
4.21619e-05, 0.0465305
4.21919e-05, 0.0440648
4.22219e-05, 0.0412536
4.22518e-05, 0.0381705
4.22818e-05, 0.0349186
4.23118e-05, 0.0316404
4.23418e-05, 0.0285324
4.23718e-05, 0.0258586
4.24018e-05, 0.0239446
4.24318e-05, 0.0231131
4.24618e-05, 0.0235492
4.24918e-05, 0.0251929
4.25218e-05, 0.0277817
4.25518e-05, 0.0309898
4.25818e-05, 0.0345277
4.26118e-05, 0.0381704
4.26418e-05, 0.0417504
4.26718e-05, 0.0451434
4.27018e-05, 0.0482566
4.27317e-05, 0.0510205
4.27617e-05, 0.0533833
4.27917e-05, 0.0553078
4.28217e-05, 0.0567684
4.28517e-05, 0.05775
4.28817e-05, 0.0582459
4.29117e-05, 0.0582571
4.29417e-05, 0.0577911
4.29717e-05, 0.056861
4.30017e-05, 0.0554848
4.30317e-05, 0.0536852
4.30617e-05, 0.0514886
4.30917e-05, 0.0489259
4.31217e-05, 0.0460319
4.31517e-05, 0.0428466
4.31817e-05, 0.0394163
4.32116e-05, 0.0357965
4.32416e-05, 0.0320558
4.32716e-05, 0.0282838
4.33016e-05, 0.024605
4.33316e-05, 0.0212011
4.33616e-05, 0.0183429
4.33916e-05, 0.0164025
4.34216e-05, 0.0157574
4.34516e-05, 0.0165406
4.34816e-05, 0.0185099
4.35116e-05, 0.0212474
4.35416e-05, 0.0243868
4.35716e-05, 0.027673
4.36016e-05, 0.0309373
4.36316e-05, 0.0340655
4.36616e-05, 0.0369773
4.36915e-05, 0.0396141
4.37215e-05, 0.0419326
4.37515e-05, 0.0439009
4.37815e-05, 0.0454965
4.38115e-05, 0.0467048
4.38415e-05, 0.0475186
4.38715e-05, 0.0479371
4.39015e-05, 0.0479655
4.39315e-05, 0.0476141
4.39615e-05, 0.0468983
4.39915e-05, 0.0458378
4.40215e-05, 0.0444558
4.40515e-05, 0.042779
4.40815e-05, 0.0408368
4.41115e-05, 0.0386608
4.41415e-05, 0.0362849
4.41714e-05, 0.0337443
4.42014e-05, 0.0310765
4.42314e-05, 0.0283209
4.42614e-05, 0.0255202
4.42914e-05, 0.0227219
4.43214e-05, 0.0199819
4.43514e-05, 0.0173699
4.43814e-05, 0.0149784
4.44114e-05, 0.0129353
4.44414e-05, 0.0114092
4.44714e-05, 0.0105807
4.45014e-05, 0.0105506
4.45314e-05, 0.011251
4.45614e-05, 0.0124842
4.45914e-05, 0.0140377
4.46214e-05, 0.0157498
4.46513e-05, 0.0175126
4.46813e-05, 0.0192576
4.47113e-05, 0.0209413
4.47413e-05, 0.0225359
4.47713e-05, 0.0240236
4.48013e-05, 0.0253932
4.48313e-05, 0.0266384
4.48613e-05, 0.027756
4.48913e-05, 0.0287454
4.49213e-05, 0.0296081
4.49513e-05, 0.0303471
4.49813e-05, 0.0309666
4.50113e-05, 0.0314719
4.50413e-05, 0.0318691
4.50713e-05, 0.0321652
4.51013e-05, 0.0323677
4.51312e-05, 0.0324846
4.51612e-05, 0.0325244
4.51912e-05, 0.0324958
4.52212e-05, 0.032408
4.52512e-05, 0.0322702
4.52812e-05, 0.0320916
4.53112e-05, 0.0318816
4.53412e-05, 0.0316494
4.53712e-05, 0.0314042
4.54012e-05, 0.0311546
4.54312e-05, 0.030909
4.54612e-05, 0.0306753
4.54912e-05, 0.0304607
4.55212e-05, 0.0302717
4.55512e-05, 0.0301141
4.55812e-05, 0.0299924
4.56111e-05, 0.0299104
4.56411e-05, 0.0298707
4.56711e-05, 0.0298749
4.57011e-05, 0.0299234
4.57311e-05, 0.0300158
4.57611e-05, 0.0301506
4.57911e-05, 0.0303254
4.58211e-05, 0.0305374
4.58511e-05, 0.0307826
4.58811e-05, 0.0310571
4.59111e-05, 0.0313564
4.59411e-05, 0.0316757
4.59711e-05, 0.0320102
4.60011e-05, 0.0323549
4.60311e-05, 0.032705
4.60611e-05, 0.0330556
4.6091e-05, 0.0334022
4.6121e-05, 0.0337402
4.6151e-05, 0.0340654
4.6181e-05, 0.0343737
4.6211e-05, 0.0346614
4.6241e-05, 0.0349249
4.6271e-05, 0.0351609
4.6301e-05, 0.0353665
4.6331e-05, 0.0355389
4.6361e-05, 0.0356755
4.6391e-05, 0.0357744
4.6421e-05, 0.0358335
4.6451e-05, 0.0358513
4.6481e-05, 0.0358264
4.6511e-05, 0.035758
4.6541e-05, 0.0356453
4.65709e-05, 0.0354878
4.66009e-05, 0.0352856
4.66309e-05, 0.035039
4.66609e-05, 0.0347484
4.66909e-05, 0.0344148
4.67209e-05, 0.0340395
4.67509e-05, 0.0336239
4.67809e-05, 0.0331699
4.68109e-05, 0.0326795
4.68409e-05, 0.0321554
4.68709e-05, 0.0316002
4.69009e-05, 0.031017
4.69309e-05, 0.0304091
4.69609e-05, 0.02978
4.69909e-05, 0.0291336
4.70209e-05, 0.0284741
4.70508e-05, 0.0278056
4.70808e-05, 0.0271329
4.71108e-05, 0.0264607
4.71408e-05, 0.0257939
4.71708e-05, 0.0251377
4.72008e-05, 0.0244972
4.72308e-05, 0.0238778
4.72608e-05, 0.0232846
4.72908e-05, 0.0227228
4.73208e-05, 0.0221971
4.73508e-05, 0.0217123
4.73808e-05, 0.0212722
4.74108e-05, 0.0208802
4.74408e-05, 0.0205391
4.74708e-05, 0.0202505
4.75008e-05, 0.0200153
4.75307e-05, 0.0198331
4.75607e-05, 0.0197028
4.75907e-05, 0.0196222
4.76207e-05, 0.019588
4.76507e-05, 0.0195963
4.76807e-05, 0.0196428
4.77107e-05, 0.0197225
4.77407e-05, 0.0198301
4.77707e-05, 0.0199605
4.78007e-05, 0.0201082
4.78307e-05, 0.0202682
4.78607e-05, 0.0204357
4.78907e-05, 0.0206059
4.79207e-05, 0.0207746
4.79507e-05, 0.020938
4.79807e-05, 0.0210924
4.80106e-05, 0.0212348
4.80406e-05, 0.0213623
4.80706e-05, 0.0214726
4.81006e-05, 0.0215636
4.81306e-05, 0.0216335
4.81606e-05, 0.0216808
4.81906e-05, 0.0217045
4.82206e-05, 0.0217036
4.82506e-05, 0.0216776
4.82806e-05, 0.0216261
4.83106e-05, 0.021549
4.83406e-05, 0.0214464
4.83706e-05, 0.0213186
4.84006e-05, 0.021166
4.84306e-05, 0.0209893
4.84606e-05, 0.0207893
4.84905e-05, 0.0205669
4.85205e-05, 0.0203231
4.85505e-05, 0.0200592
4.85805e-05, 0.0197762
4.86105e-05, 0.0194755
4.86405e-05, 0.0191584
4.86705e-05, 0.0188262
4.87005e-05, 0.0184804
4.87305e-05, 0.0181223
4.87605e-05, 0.0177535
4.87905e-05, 0.0173755
4.88205e-05, 0.0169897
4.88505e-05, 0.0165976
4.88805e-05, 0.0162008
4.89105e-05, 0.0158008
4.89405e-05, 0.0153994
4.89704e-05, 0.0149981
4.90004e-05, 0.0145986
4.90304e-05, 0.0142028
4.90604e-05, 0.0138123
4.90904e-05, 0.013429
4.91204e-05, 0.0130547
4.91504e-05, 0.0126914
4.91804e-05, 0.0123411
4.92104e-05, 0.0120056
4.92404e-05, 0.0116871
4.92704e-05, 0.0113875
4.93004e-05, 0.0111089
4.93304e-05, 0.0108531
4.93604e-05, 0.0106222
4.93904e-05, 0.0104181
4.94204e-05, 0.0102425
4.94503e-05, 0.0100968
4.94803e-05, 0.00998257
4.95103e-05, 0.00990081
4.95403e-05, 0.00985237
4.95703e-05, 0.00983774
4.96003e-05, 0.00985706
4.96303e-05, 0.00991009
4.96603e-05, 0.00999624
4.96903e-05, 0.0101146
4.97203e-05, 0.0102639
4.97503e-05, 0.0104428
4.97803e-05, 0.0106494
4.98103e-05, 0.0108819
4.98403e-05, 0.0111384
4.98703e-05, 0.0114168
4.99003e-05, 0.011715
4.99302e-05, 0.0120309
4.99602e-05, 0.0123626
4.99902e-05, 0.0127079
5.00202e-05, 0.013065
5.00502e-05, 0.013432
5.00802e-05, 0.0138073
5.01102e-05, 0.014189
5.01402e-05, 0.0145757
5.01702e-05, 0.0149659
5.02002e-05, 0.0153581
5.02302e-05, 0.0157511
5.02602e-05, 0.0161436
5.02902e-05, 0.0165342
5.03202e-05, 0.016922
5.03502e-05, 0.0173058
5.03802e-05, 0.0176845
5.04101e-05, 0.0180571
5.04401e-05, 0.0184225
5.04701e-05, 0.0187798
5.05001e-05, 0.0191281
5.05301e-05, 0.0194663
5.05601e-05, 0.0197935
5.05901e-05, 0.0201091
5.06201e-05, 0.0204119
5.06501e-05, 0.0207015
5.06801e-05, 0.0209769
5.07101e-05, 0.0212376
5.07401e-05, 0.0214829
5.07701e-05, 0.0217122
5.08001e-05, 0.0219252
5.08301e-05, 0.0221214
5.08601e-05, 0.0223005
5.089e-05, 0.0224621
5.092e-05, 0.0226061
5.095e-05, 0.0227322
5.098e-05, 0.0228404
5.101e-05, 0.0229305
5.104e-05, 0.0230026
5.107e-05, 0.0230566
5.11e-05, 0.0230926


