

x(m), Y
-9.00747e-06, 0.0165327
-8.97748e-06, 0.0174573
-8.94748e-06, 0.0184836
-8.91749e-06, 0.0196003
-8.88749e-06, 0.0207924
-8.8575e-06, 0.0220415
-8.82751e-06, 0.0233256
-8.79751e-06, 0.0246201
-8.76752e-06, 0.0258983
-8.73753e-06, 0.0271328
-8.70753e-06, 0.0282976
-8.67754e-06, 0.0293693
-8.64754e-06, 0.0303305
-8.61755e-06, 0.0311713
-8.58756e-06, 0.0318922
-8.55756e-06, 0.0325059
-8.52757e-06, 0.0330388
-8.49758e-06, 0.0335306
-8.46758e-06, 0.0340326
-8.43759e-06, 0.0346036
-8.40759e-06, 0.0353032
-8.3776e-06, 0.0361839
-8.34761e-06, 0.0372819
-8.31761e-06, 0.0386109
-8.28762e-06, 0.0401586
-8.25763e-06, 0.0418884
-8.22763e-06, 0.0437437
-8.19764e-06, 0.0456555
-8.16764e-06, 0.0475492
-8.13765e-06, 0.0493528
-8.10766e-06, 0.0510018
-8.07766e-06, 0.0524442
-8.04767e-06, 0.0536438
-8.01768e-06, 0.0545826
-7.98768e-06, 0.0552612
-7.95769e-06, 0.0556987
-7.92769e-06, 0.0559312
-7.8977e-06, 0.0560087
-7.86771e-06, 0.0559901
-7.83771e-06, 0.055938
-7.80772e-06, 0.0559115
-7.77773e-06, 0.0559601
-7.74773e-06, 0.0561172
-7.71774e-06, 0.0563972
-7.68774e-06, 0.0567946
-7.65775e-06, 0.0572866
-7.62776e-06, 0.0578378
-7.59776e-06, 0.0584064
-7.56777e-06, 0.0589508
-7.53778e-06, 0.0594349
-7.50778e-06, 0.0598323
-7.47779e-06, 0.0601278
-7.44779e-06, 0.0603183
-7.4178e-06, 0.0604106
-7.38781e-06, 0.0604184
-7.35781e-06, 0.0603588
-7.32782e-06, 0.0602471
-7.29783e-06, 0.0600934
-7.26783e-06, 0.0598992
-7.23784e-06, 0.0596561
-7.20784e-06, 0.0593456
-7.17785e-06, 0.0589418
-7.14786e-06, 0.0584144
-7.11786e-06, 0.0577334
-7.08787e-06, 0.0568737
-7.05788e-06, 0.0558195
-7.02788e-06, 0.0545677
-6.99789e-06, 0.0531308
-6.96789e-06, 0.0515376
-6.9379e-06, 0.049833
-6.90791e-06, 0.0480754
-6.87791e-06, 0.0463327
-6.84792e-06, 0.0446752
-6.81793e-06, 0.0431677
-6.78793e-06, 0.0418597
-6.75794e-06, 0.0407772
-6.72794e-06, 0.0399169
-6.69795e-06, 0.0392451
-6.66796e-06, 0.0387031
-6.63796e-06, 0.0382153
-6.60797e-06, 0.0376999
-6.57798e-06, 0.037079
-6.54798e-06, 0.036286
-6.51799e-06, 0.0352717
-6.48799e-06, 0.0340059
-6.458e-06, 0.0324796
-6.42801e-06, 0.0307036
-6.39801e-06, 0.0287084
-6.36802e-06, 0.0265422
-6.33803e-06, 0.0242698
-6.30803e-06, 0.0219713
-6.27804e-06, 0.0197415
-6.24804e-06, 0.017687
-6.21805e-06, 0.0159209
-6.18806e-06, 0.0145484
-6.15806e-06, 0.0136405
-6.12807e-06, 0.0132035
-6.09808e-06, 0.0131673
-6.06808e-06, 0.0134066
-6.03809e-06, 0.0137817
-6.00809e-06, 0.014169
-5.9781e-06, 0.014475
-5.94811e-06, 0.0146359
-5.91811e-06, 0.0146139
-5.88812e-06, 0.0143918
-5.85813e-06, 0.0139702
-5.82813e-06, 0.0133658
-5.79814e-06, 0.0126117
-5.76814e-06, 0.0117601
-5.73815e-06, 0.010886
-5.70816e-06, 0.0100911
-5.67816e-06, 0.00950175
-5.64817e-06, 0.00924636
-5.61818e-06, 0.00941019
-5.58818e-06, 0.00999167
-5.55819e-06, 0.0109053
-5.52819e-06, 0.0120248
-5.4982e-06, 0.0132239
-5.46821e-06, 0.0143946
-5.43821e-06, 0.0154509
-5.40822e-06, 0.0163275
-5.37823e-06, 0.0169788
-5.34823e-06, 0.0173785
-5.31824e-06, 0.0175212
-5.28824e-06, 0.0174235
-5.25825e-06, 0.0171276
-5.22826e-06, 0.0167024
-5.19826e-06, 0.0162451
-5.16827e-06, 0.0158746
-5.13828e-06, 0.0157174
-5.10828e-06, 0.0158791
-5.07829e-06, 0.0164131
-5.04829e-06, 0.017303
-5.0183e-06, 0.0184704
-4.98831e-06, 0.0198015
-4.95831e-06, 0.0211725
-4.92832e-06, 0.0224683
-4.89833e-06, 0.0235909
-4.86833e-06, 0.0244634
-4.83834e-06, 0.025031
-4.80834e-06, 0.0252621
-4.77835e-06, 0.0251483
-4.74836e-06, 0.0247045
-4.71836e-06, 0.023969
-4.68837e-06, 0.023003
-4.65838e-06, 0.0218899
-4.62838e-06, 0.0207318
-4.59839e-06, 0.0196431
-4.56839e-06, 0.0187376
-4.5384e-06, 0.0181085
-4.50841e-06, 0.0178059
-4.47841e-06, 0.0178209
-4.44842e-06, 0.0180888
-4.41843e-06, 0.0185094
-4.38843e-06, 0.0189735
-4.35844e-06, 0.0193835
-4.32845e-06, 0.0196654
-4.29845e-06, 0.0197733
-4.26846e-06, 0.01969
-4.23846e-06, 0.0194251
-4.20847e-06, 0.0190122
-4.17848e-06, 0.0185041
-4.14848e-06, 0.0179674
-4.11849e-06, 0.0174726
-4.0885e-06, 0.0170841
-4.0585e-06, 0.0168467
-4.02851e-06, 0.0167772
-3.99851e-06, 0.0168613
-3.96852e-06, 0.0170601
-3.93853e-06, 0.017322
-3.90853e-06, 0.0175959
-3.87854e-06, 0.0178426
-3.84855e-06, 0.0180414
-3.81855e-06, 0.0181933
-3.78856e-06, 0.0183198
-3.75856e-06, 0.0184595
-3.72857e-06, 0.01866
-3.69858e-06, 0.0189678
-3.66858e-06, 0.0194176
-3.63859e-06, 0.020023
-3.6086e-06, 0.020773
-3.5786e-06, 0.0216342
-3.54861e-06, 0.0225581
-3.51861e-06, 0.02349
-3.48862e-06, 0.0243778
-3.45863e-06, 0.025178
-3.42863e-06, 0.0258607
-3.39864e-06, 0.0264115
-3.36865e-06, 0.0268319
-3.33865e-06, 0.0271382
-3.30866e-06, 0.0273577
-3.27866e-06, 0.0275246
-3.24867e-06, 0.0276733
-3.21868e-06, 0.0278323
-3.18868e-06, 0.0280176
-3.15869e-06, 0.028229
-3.1287e-06, 0.0284489
-3.0987e-06, 0.0286444
-3.06871e-06, 0.0287721
-3.03871e-06, 0.0287842
-3.00872e-06, 0.0286355
-2.97873e-06, 0.0282894
-2.94873e-06, 0.0277233
-2.91874e-06, 0.026933
-2.88875e-06, 0.0259363
-2.85875e-06, 0.0247761
-2.82876e-06, 0.0235224
-2.79876e-06, 0.0222729
-2.76877e-06, 0.0211492
-2.73878e-06, 0.0202853
-2.70878e-06, 0.0198041
-2.67879e-06, 0.0197844
-2.6488e-06, 0.020234
-2.6188e-06, 0.0210867
-2.58881e-06, 0.0222249
-2.55881e-06, 0.0235119
-2.52882e-06, 0.0248167
-2.49883e-06, 0.026028
-2.46883e-06, 0.0270569
-2.43884e-06, 0.0278379
-2.40885e-06, 0.028326
-2.37885e-06, 0.0284942
-2.34886e-06, 0.0283311
-2.31886e-06, 0.0278382
-2.28887e-06, 0.0270278
-2.25888e-06, 0.0259216
-2.22888e-06, 0.0245491
-2.19889e-06, 0.0229473
-2.1689e-06, 0.0211614
-2.1389e-06, 0.019247
-2.10891e-06, 0.0172755
-2.07891e-06, 0.015342
-2.04892e-06, 0.0135781
-2.01893e-06, 0.012162
-1.98893e-06, 0.0113044
-1.95894e-06, 0.0111764
-1.92895e-06, 0.0117995
-1.89895e-06, 0.013025
-1.86896e-06, 0.0146299
-1.83896e-06, 0.0164084
-1.80897e-06, 0.0182006
-1.77898e-06, 0.0198877
-1.74898e-06, 0.0213817
-1.71899e-06, 0.0226172
-1.689e-06, 0.0235476
-1.659e-06, 0.0241441
-1.62901e-06, 0.0243946
-1.59901e-06, 0.0243051
-1.56902e-06, 0.0239007
-1.53903e-06, 0.0232269
-1.50903e-06, 0.0223511
-1.47904e-06, 0.0213633
-1.44905e-06, 0.0203747
-1.41905e-06, 0.0195122
-1.38906e-06, 0.0189037
-1.35906e-06, 0.0186552
-1.32907e-06, 0.0188226
-1.29908e-06, 0.0193958
-1.26908e-06, 0.0203057
-1.23909e-06, 0.0214482
-1.2091e-06, 0.0227114
-1.1791e-06, 0.0239942
-1.14911e-06, 0.0252149
-1.11911e-06, 0.0263127
-1.08912e-06, 0.0272466
-1.05913e-06, 0.0279914
-1.02913e-06, 0.0285345
-9.99139e-07, 0.0288716
-9.69145e-07, 0.0290026
-9.39152e-07, 0.0289287
-9.09158e-07, 0.0286489
-8.79164e-07, 0.0281589
-8.4917e-07, 0.0274497
-8.19177e-07, 0.0265085
-7.89183e-07, 0.0253197
-7.59189e-07, 0.0238679
-7.29195e-07, 0.0221398
-6.99202e-07, 0.0201281
-6.69208e-07, 0.0178338
-6.39214e-07, 0.0152701
-6.0922e-07, 0.0124675
-5.79227e-07, 0.009487
-5.49233e-07, 0.00646863
-5.19239e-07, 0.00390567
-4.89245e-07, 0.00365653
-4.59252e-07, 0.00614568
-4.29258e-07, 0.00939247
-3.99264e-07, 0.0127514
-3.6927e-07, 0.0160318
-3.39277e-07, 0.0191345
-3.09283e-07, 0.0219901
-2.79289e-07, 0.0245458
-2.49295e-07, 0.0267622
-2.19302e-07, 0.0286123
-1.89308e-07, 0.0300811
-1.59314e-07, 0.0311654
-1.2932e-07, 0.0318724
-9.93266e-08, 0.0322185
-6.93329e-08, 0.0322281
-3.93392e-08, 0.0319315
-9.3454e-09, 0.0313634
2.06483e-08, 0.0305619
5.06421e-08, 0.0295677
8.06358e-08, 0.0284251
1.1063e-07, 0.0271832
1.40623e-07, 0.0258993
1.70617e-07, 0.0246427
2.00611e-07, 0.0234984
2.30605e-07, 0.0225676
2.60598e-07, 0.0219626
2.90592e-07, 0.0217908
3.20586e-07, 0.02213
3.5058e-07, 0.0230055
3.80573e-07, 0.0243818
4.10567e-07, 0.026174
4.40561e-07, 0.0282694
4.70555e-07, 0.0305477
5.00548e-07, 0.0328928
5.30542e-07, 0.0352004
5.60536e-07, 0.0373795
5.9053e-07, 0.0393541
6.20523e-07, 0.0410631
6.50517e-07, 0.0424601
6.80511e-07, 0.0435137
7.10505e-07, 0.0442059
7.40498e-07, 0.044532
7.70492e-07, 0.0444986
8.00486e-07, 0.0441218
8.3048e-07, 0.0434247
8.60473e-07, 0.0424346
8.90467e-07, 0.0411811
9.20461e-07, 0.0396926
9.50455e-07, 0.0379951
9.80448e-07, 0.0361114
1.01044e-06, 0.0340606
1.04044e-06, 0.0318606
1.07043e-06, 0.029531
1.10042e-06, 0.0270991
1.13042e-06, 0.0246086
1.16041e-06, 0.0221307
1.1904e-06, 0.0197827
1.2204e-06, 0.0177476
1.25039e-06, 0.0162849
1.28039e-06, 0.015687
1.31038e-06, 0.0161486
1.34037e-06, 0.0176376
1.37037e-06, 0.0199278
1.40036e-06, 0.0227398
1.43035e-06, 0.025833
1.46035e-06, 0.0290245
1.49034e-06, 0.032179
1.52034e-06, 0.0351962
1.55033e-06, 0.0380022
1.58032e-06, 0.0405437
1.61032e-06, 0.0427852
1.64031e-06, 0.0447064
1.6703e-06, 0.0463011
1.7003e-06, 0.0475751
1.73029e-06, 0.0485443
1.76029e-06, 0.0492335
1.79028e-06, 0.0496734
1.82027e-06, 0.0498994
1.85027e-06, 0.0499491
1.88026e-06, 0.0498608
1.91025e-06, 0.0496718
1.94025e-06, 0.0494177
1.97024e-06, 0.0491311
2.00024e-06, 0.0488409
2.03023e-06, 0.0485722
2.06022e-06, 0.048345
2.09022e-06, 0.0481741
2.12021e-06, 0.0480677
2.1502e-06, 0.0480272
2.1802e-06, 0.0480457
2.21019e-06, 0.0481087
2.24019e-06, 0.0481937
2.27018e-06, 0.0482718
2.30017e-06, 0.0483091
2.33017e-06, 0.048269
2.36016e-06, 0.0481148
2.39015e-06, 0.0478125
2.42015e-06, 0.0473332
2.45014e-06, 0.0466554
2.48014e-06, 0.0457672
2.51013e-06, 0.0446674
2.54012e-06, 0.0433673
2.57012e-06, 0.0418918
2.60011e-06, 0.0402803
2.6301e-06, 0.0385878
2.6601e-06, 0.0368866
2.69009e-06, 0.0352669
2.72009e-06, 0.033836
2.75008e-06, 0.0327154
2.78007e-06, 0.0320306
2.81007e-06, 0.0318953
2.84006e-06, 0.0323907
2.87005e-06, 0.0335486
2.90005e-06, 0.035347
2.93004e-06, 0.0377185
2.96004e-06, 0.040567
2.99003e-06, 0.0437831
3.02002e-06, 0.0472547
3.05002e-06, 0.0508727
3.08001e-06, 0.0545324
3.11e-06, 0.0581352
3.14e-06, 0.061588
3.16999e-06, 0.064804
3.19999e-06, 0.0677038
3.22998e-06, 0.0702162
3.25997e-06, 0.0722796
3.28997e-06, 0.0738434
3.31996e-06, 0.0748688
3.34995e-06, 0.0753297
3.37995e-06, 0.0752128
3.40994e-06, 0.0745173
3.43994e-06, 0.0732541
3.46993e-06, 0.0714445
3.49992e-06, 0.0691182
3.52992e-06, 0.0663116
3.55991e-06, 0.0630657
3.5899e-06, 0.0594237
3.6199e-06, 0.0554306
3.64989e-06, 0.0511321
3.67989e-06, 0.0465764
3.70988e-06, 0.0418175
3.73987e-06, 0.0369238
3.76987e-06, 0.0319935
3.79986e-06, 0.0271859
3.82985e-06, 0.0227827
3.85985e-06, 0.0192884
3.88984e-06, 0.0174799
3.91984e-06, 0.0180433
3.94983e-06, 0.0208794
3.97982e-06, 0.0252549
4.00982e-06, 0.0304779
4.03981e-06, 0.0361002
4.0698e-06, 0.0418434
4.0998e-06, 0.0475203
4.12979e-06, 0.0529923
4.15979e-06, 0.0581505
4.18978e-06, 0.0629065
4.21977e-06, 0.067189
4.24977e-06, 0.0709427
4.27976e-06, 0.0741277
4.30975e-06, 0.0767193
4.33975e-06, 0.0787073
4.36974e-06, 0.0800953
4.39974e-06, 0.080899
4.42973e-06, 0.0811445
4.45972e-06, 0.0808661
4.48972e-06, 0.0801041
4.51971e-06, 0.0789024
4.5497e-06, 0.0773063
4.5797e-06, 0.0753619
4.60969e-06, 0.0731141
4.63969e-06, 0.0706075
4.66968e-06, 0.0678871
4.69967e-06, 0.0649998
4.72967e-06, 0.061997
4.75966e-06, 0.0589374
4.78965e-06, 0.0558898
4.81965e-06, 0.0529355
4.84964e-06, 0.0501693
4.87964e-06, 0.0476972
4.90963e-06, 0.0456302
4.93962e-06, 0.0440728
4.96962e-06, 0.043106
4.99961e-06, 0.0427705
5.0296e-06, 0.0430559
5.0596e-06, 0.0439002
5.08959e-06, 0.0452035
5.11959e-06, 0.0468456
5.14958e-06, 0.048704
5.17957e-06, 0.0506672
5.20957e-06, 0.0526423
5.23956e-06, 0.054557
5.26955e-06, 0.0563604
5.29955e-06, 0.0580214
5.32954e-06, 0.0595258
5.35954e-06, 0.0608738
5.38953e-06, 0.0620773
5.41952e-06, 0.0631569
5.44952e-06, 0.0641386
5.47951e-06, 0.0650517
5.5095e-06, 0.0659259
5.5395e-06, 0.0667886
5.56949e-06, 0.0676633
5.59949e-06, 0.0685673
5.62948e-06, 0.0695107
5.65947e-06, 0.0704947
5.68947e-06, 0.0715115
5.71946e-06, 0.0725446
5.74945e-06, 0.0735685
5.77945e-06, 0.0745503
5.80944e-06, 0.0754512
5.83944e-06, 0.0762283
5.86943e-06, 0.0768368
5.89942e-06, 0.0772321
5.92942e-06, 0.0773729
5.95941e-06, 0.0772224
5.9894e-06, 0.0767515
6.0194e-06, 0.0759401
6.04939e-06, 0.0747789
6.07939e-06, 0.0732706
6.10938e-06, 0.0714314
6.13937e-06, 0.0692913
6.16937e-06, 0.0668957
6.19936e-06, 0.0643059
6.22935e-06, 0.0616003
6.25935e-06, 0.0588754
6.28934e-06, 0.0562467
6.31934e-06, 0.0538477
6.34933e-06, 0.0518263
6.37932e-06, 0.0503362
6.40932e-06, 0.0495201
6.43931e-06, 0.0494887
6.4693e-06, 0.0503001
6.4993e-06, 0.0519474
6.52929e-06, 0.0543628
6.55929e-06, 0.0574319
6.58928e-06, 0.0610137
6.61927e-06, 0.0649574
6.64927e-06, 0.0691132
6.67926e-06, 0.0733387
6.70925e-06, 0.0775012
6.73925e-06, 0.0814788
6.76924e-06, 0.085161
6.79924e-06, 0.0884489
6.82923e-06, 0.0912563
6.85922e-06, 0.0935102
6.88922e-06, 0.095152
6.91921e-06, 0.0961382
6.9492e-06, 0.0964406
6.9792e-06, 0.0960468
7.00919e-06, 0.0949602
7.03919e-06, 0.0931988
7.06918e-06, 0.0907948
7.09917e-06, 0.0877932
7.12917e-06, 0.084251
7.15916e-06, 0.0802362
7.18915e-06, 0.0758278
7.21915e-06, 0.0711169
7.24914e-06, 0.0662091
7.27914e-06, 0.0612305
7.30913e-06, 0.0563348
7.33912e-06, 0.051715
7.36912e-06, 0.0476131
7.39911e-06, 0.0443224
7.4291e-06, 0.0421615
7.4591e-06, 0.041406
7.48909e-06, 0.0421924
7.51909e-06, 0.0444578
7.54908e-06, 0.0479702
7.57907e-06, 0.0524171
7.60907e-06, 0.0574854
7.63906e-06, 0.0628995
7.66905e-06, 0.0684297
7.69905e-06, 0.0738868
7.72904e-06, 0.0791152
7.75904e-06, 0.0839862
7.78903e-06, 0.0883944
7.81902e-06, 0.0922548
7.84902e-06, 0.0955018
7.87901e-06, 0.0980878
7.909e-06, 0.0999827
7.939e-06, 0.101173
7.96899e-06, 0.101661
7.99899e-06, 0.101462
8.02898e-06, 0.100605
8.05897e-06, 0.099129
8.08897e-06, 0.0970819
8.11896e-06, 0.0945193
8.14895e-06, 0.0915031
8.17895e-06, 0.0881006
8.20894e-06, 0.0843853
8.23894e-06, 0.0804373
8.26893e-06, 0.0763457
8.29892e-06, 0.0722112
8.32892e-06, 0.068149
8.35891e-06, 0.0642921
8.3889e-06, 0.0607911
8.4189e-06, 0.0578111
8.44889e-06, 0.0555187
8.47889e-06, 0.0540613
8.50888e-06, 0.0535384
8.53887e-06, 0.0539765
8.56887e-06, 0.0553204
8.59886e-06, 0.0574446
8.62885e-06, 0.0601801
8.65885e-06, 0.0633436
8.68884e-06, 0.0667586
8.71884e-06, 0.0702689
8.74883e-06, 0.0737435
8.77882e-06, 0.0770776
8.80882e-06, 0.0801912
8.83881e-06, 0.0830269
8.8688e-06, 0.0855472
8.8988e-06, 0.0877321
8.92879e-06, 0.0895766
8.95879e-06, 0.0910881
8.98878e-06, 0.0922839
9.01877e-06, 0.0931894
9.04877e-06, 0.0938352
9.07876e-06, 0.0942553
9.10875e-06, 0.0944856
9.13875e-06, 0.0945612
9.16874e-06, 0.0945155
9.19874e-06, 0.0943787
9.22873e-06, 0.0941758
9.25872e-06, 0.0939267
9.28872e-06, 0.0936443
9.31871e-06, 0.0933343
9.3487e-06, 0.0929955
9.3787e-06, 0.0926191
9.40869e-06, 0.0921906
9.43868e-06, 0.09169
9.46868e-06, 0.0910943
9.49867e-06, 0.0903792
9.52867e-06, 0.0895215
9.55866e-06, 0.0885018
9.58865e-06, 0.0873067
9.61865e-06, 0.0859316
9.64864e-06, 0.0843823
9.67863e-06, 0.0826773
9.70863e-06, 0.0808492
9.73862e-06, 0.0789453
9.76862e-06, 0.0770284
9.79861e-06, 0.0751757
9.8286e-06, 0.0734773
9.8586e-06, 0.0720325
9.88859e-06, 0.0709443
9.91858e-06, 0.0703118
9.94858e-06, 0.0702208
9.97857e-06, 0.0707344
1.00086e-05, 0.0718854
1.00386e-05, 0.0736723
1.00686e-05, 0.0760598
1.00985e-05, 0.0789838
1.01285e-05, 0.0823577
1.01585e-05, 0.0860799
1.01885e-05, 0.0900402
1.02185e-05, 0.0941244
1.02485e-05, 0.0982182
1.02785e-05, 0.102209
1.03085e-05, 0.10599
1.03385e-05, 0.109458
1.03685e-05, 0.112517
1.03985e-05, 0.115083
1.04285e-05, 0.117079
1.04585e-05, 0.118441
1.04885e-05, 0.11912
1.05185e-05, 0.119079
1.05485e-05, 0.118298
1.05784e-05, 0.116772
1.06084e-05, 0.114515
1.06384e-05, 0.111554
1.06684e-05, 0.107935
1.06984e-05, 0.103721
1.07284e-05, 0.0989921
1.07584e-05, 0.0938455
1.07884e-05, 0.0884006
1.08184e-05, 0.0828008
1.08484e-05, 0.0772185
1.08784e-05, 0.0718611
1.09084e-05, 0.0669764
1.09384e-05, 0.0628492
1.09684e-05, 0.0597836
1.09984e-05, 0.0580582
1.10284e-05, 0.0578598
1.10583e-05, 0.0592248
1.10883e-05, 0.0620262
1.11183e-05, 0.0660172
1.11483e-05, 0.0708983
1.11783e-05, 0.0763717
1.12083e-05, 0.0821702
1.12383e-05, 0.0880646
1.12683e-05, 0.0938631
1.12983e-05, 0.0994053
1.13283e-05, 0.104558
1.13583e-05, 0.109211
1.13883e-05, 0.113276
1.14183e-05, 0.116682
1.14483e-05, 0.119376
1.14783e-05, 0.121324
1.15083e-05, 0.122507
1.15382e-05, 0.122922
1.15682e-05, 0.122581
1.15982e-05, 0.12151
1.16282e-05, 0.119749
1.16582e-05, 0.11735
1.16882e-05, 0.114377
1.17182e-05, 0.110906
1.17482e-05, 0.107024
1.17782e-05, 0.102831
1.18082e-05, 0.0984398
1.18382e-05, 0.0939785
1.18682e-05, 0.0895906
1.18982e-05, 0.0854352
1.19282e-05, 0.0816836
1.19582e-05, 0.0785117
1.19882e-05, 0.0760859
1.20181e-05, 0.0745436
1.20481e-05, 0.0739699
1.20781e-05, 0.0743811
1.21081e-05, 0.0757191
1.21381e-05, 0.0778611
1.21681e-05, 0.0806407
1.21981e-05, 0.0838713
1.22281e-05, 0.0873659
1.22581e-05, 0.090951
1.22881e-05, 0.0944743
1.23181e-05, 0.0978082
1.23481e-05, 0.10085
1.23781e-05, 0.103522
1.24081e-05, 0.105769
1.24381e-05, 0.107559
1.24681e-05, 0.108876
1.2498e-05, 0.109727
1.2528e-05, 0.110131
1.2558e-05, 0.110121
1.2588e-05, 0.109745
1.2618e-05, 0.109058
1.2648e-05, 0.108123
1.2678e-05, 0.107011
1.2708e-05, 0.105794
1.2738e-05, 0.104546
1.2768e-05, 0.10334
1.2798e-05, 0.102242
1.2828e-05, 0.101312
1.2858e-05, 0.100598
1.2888e-05, 0.100134
1.2918e-05, 0.0999368
1.2948e-05, 0.100006
1.29779e-05, 0.100323
1.30079e-05, 0.100854
1.30379e-05, 0.101549
1.30679e-05, 0.102349
1.30979e-05, 0.103192
1.31279e-05, 0.104009
1.31579e-05, 0.104739
1.31879e-05, 0.105322
1.32179e-05, 0.105713
1.32479e-05, 0.105873
1.32779e-05, 0.105779
1.33079e-05, 0.105424
1.33379e-05, 0.104814
1.33679e-05, 0.10397
1.33979e-05, 0.102929
1.34279e-05, 0.101743
1.34578e-05, 0.100473
1.34878e-05, 0.0991926
1.35178e-05, 0.0979822
1.35478e-05, 0.0969243
1.35778e-05, 0.0961003
1.36078e-05, 0.0955842
1.36378e-05, 0.0954371
1.36678e-05, 0.0957017
1.36978e-05, 0.0963983
1.37278e-05, 0.0975226
1.37578e-05, 0.0990455
1.37878e-05, 0.100916
1.38178e-05, 0.103064
1.38478e-05, 0.105406
1.38778e-05, 0.10785
1.39078e-05, 0.110301
1.39377e-05, 0.112664
1.39677e-05, 0.11485
1.39977e-05, 0.116775
1.40277e-05, 0.118366
1.40577e-05, 0.11956
1.40877e-05, 0.120309
1.41177e-05, 0.120578
1.41477e-05, 0.120347
1.41777e-05, 0.119611
1.42077e-05, 0.118382
1.42377e-05, 0.116686
1.42677e-05, 0.11457
1.42977e-05, 0.112094
1.43277e-05, 0.109336
1.43577e-05, 0.106391
1.43877e-05, 0.10337
1.44176e-05, 0.100397
1.44476e-05, 0.0976107
1.44776e-05, 0.0951532
1.45076e-05, 0.0931661
1.45376e-05, 0.0917777
1.45676e-05, 0.0910908
1.45976e-05, 0.0911695
1.46276e-05, 0.0920308
1.46576e-05, 0.0936408
1.46876e-05, 0.0959199
1.47176e-05, 0.0987517
1.47476e-05, 0.101996
1.47776e-05, 0.105501
1.48076e-05, 0.109113
1.48376e-05, 0.112686
1.48676e-05, 0.116083
1.48975e-05, 0.119185
1.49275e-05, 0.121887
1.49575e-05, 0.124103
1.49875e-05, 0.125764
1.50175e-05, 0.126822
1.50475e-05, 0.127245
1.50775e-05, 0.12702
1.51075e-05, 0.126153
1.51375e-05, 0.124668
1.51675e-05, 0.122606
1.51975e-05, 0.120024
1.52275e-05, 0.116998
1.52575e-05, 0.11362
1.52875e-05, 0.11
1.53175e-05, 0.106262
1.53475e-05, 0.102549
1.53774e-05, 0.0990166
1.54074e-05, 0.0958287
1.54374e-05, 0.0931517
1.54674e-05, 0.0911409
1.54974e-05, 0.0899252
1.55274e-05, 0.089591
1.55574e-05, 0.0901685
1.55874e-05, 0.091627
1.56174e-05, 0.0938786
1.56474e-05, 0.0967908
1.56774e-05, 0.100203
1.57074e-05, 0.103941
1.57374e-05, 0.107833
1.57674e-05, 0.111715
1.57974e-05, 0.115438
1.58274e-05, 0.118873
1.58573e-05, 0.121908
1.58873e-05, 0.124453
1.59173e-05, 0.126436
1.59473e-05, 0.127807
1.59773e-05, 0.128535
1.60073e-05, 0.128608
1.60373e-05, 0.128033
1.60673e-05, 0.126835
1.60973e-05, 0.125055
1.61273e-05, 0.122753
1.61573e-05, 0.120002
1.61873e-05, 0.116894
1.62173e-05, 0.113534
1.62473e-05, 0.110041
1.62773e-05, 0.106547
1.63073e-05, 0.103193
1.63372e-05, 0.100126
1.63672e-05, 0.0974903
1.63972e-05, 0.0954195
1.64272e-05, 0.0940234
1.64572e-05, 0.0933763
1.64872e-05, 0.0935073
1.65172e-05, 0.0943963
1.65472e-05, 0.0959761
1.65772e-05, 0.0981409
1.66072e-05, 0.100759
1.66372e-05, 0.103686
1.66672e-05, 0.106774
1.66972e-05, 0.109884
1.67272e-05, 0.112886
1.67572e-05, 0.115668
1.67872e-05, 0.118138
1.68171e-05, 0.120218
1.68471e-05, 0.121852
1.68771e-05, 0.123003
1.69071e-05, 0.123652
1.69371e-05, 0.123795
1.69671e-05, 0.123449
1.69971e-05, 0.122644
1.70271e-05, 0.121426
1.70571e-05, 0.119857
1.70871e-05, 0.118008
1.71171e-05, 0.115964
1.71471e-05, 0.11382
1.71771e-05, 0.111675
1.72071e-05, 0.109632
1.72371e-05, 0.107795
1.72671e-05, 0.106259
1.7297e-05, 0.105107
1.7327e-05, 0.1044
1.7357e-05, 0.104177
1.7387e-05, 0.104447
1.7417e-05, 0.105189
1.7447e-05, 0.106352
1.7477e-05, 0.107865
1.7507e-05, 0.109638
1.7537e-05, 0.111571
1.7567e-05, 0.113561
1.7597e-05, 0.115508
1.7627e-05, 0.117318
1.7657e-05, 0.118911
1.7687e-05, 0.120217
1.7717e-05, 0.121185
1.7747e-05, 0.121779
1.77769e-05, 0.121981
1.78069e-05, 0.121788
1.78369e-05, 0.121218
1.78669e-05, 0.120304
1.78969e-05, 0.119093
1.79269e-05, 0.117651
1.79569e-05, 0.116052
1.79869e-05, 0.114385
1.80169e-05, 0.112744
1.80469e-05, 0.111228
1.80769e-05, 0.109933
1.81069e-05, 0.108948
1.81369e-05, 0.10835
1.81669e-05, 0.108194
1.81969e-05, 0.10851
1.82269e-05, 0.109301
1.82568e-05, 0.110541
1.82868e-05, 0.112176
1.83168e-05, 0.114132
1.83468e-05, 0.116317
1.83768e-05, 0.11863
1.84068e-05, 0.120965
1.84368e-05, 0.123218
1.84668e-05, 0.12529
1.84968e-05, 0.127092
1.85268e-05, 0.128546
1.85568e-05, 0.129587
1.85868e-05, 0.130167
1.86168e-05, 0.130255
1.86468e-05, 0.129836
1.86768e-05, 0.128913
1.87068e-05, 0.127509
1.87367e-05, 0.125665
1.87667e-05, 0.123441
1.87967e-05, 0.120915
1.88267e-05, 0.118185
1.88567e-05, 0.115362
1.88867e-05, 0.112574
1.89167e-05, 0.109957
1.89467e-05, 0.107652
1.89767e-05, 0.105796
1.90067e-05, 0.104508
1.90367e-05, 0.103884
1.90667e-05, 0.103979
1.90967e-05, 0.104806
1.91267e-05, 0.106333
1.91567e-05, 0.108484
1.91867e-05, 0.111151
1.92166e-05, 0.114201
1.92466e-05, 0.117491
1.92766e-05, 0.120874
1.93066e-05, 0.12421
1.93366e-05, 0.127364
1.93666e-05, 0.130219
1.93966e-05, 0.13267
1.94266e-05, 0.134629
1.94566e-05, 0.136026
1.94866e-05, 0.136808
1.95166e-05, 0.136942
1.95466e-05, 0.136411
1.95766e-05, 0.135218
1.96066e-05, 0.133387
1.96366e-05, 0.130959
1.96666e-05, 0.127996
1.96965e-05, 0.124582
1.97265e-05, 0.120819
1.97565e-05, 0.116832
1.97865e-05, 0.112767
1.98165e-05, 0.108788
1.98465e-05, 0.105074
1.98765e-05, 0.101813
1.99065e-05, 0.0991874
1.99365e-05, 0.0973583
1.99665e-05, 0.0964467
1.99965e-05, 0.0965158
2.00265e-05, 0.0975605
2.00565e-05, 0.099508
2.00865e-05, 0.102229
2.01165e-05, 0.105556
2.01465e-05, 0.109301
2.01764e-05, 0.113275
2.02064e-05, 0.117295
2.02364e-05, 0.121195
2.02664e-05, 0.124829
2.02964e-05, 0.128069
2.03264e-05, 0.130811
2.03564e-05, 0.132971
2.03864e-05, 0.134484
2.04164e-05, 0.135307
2.04464e-05, 0.135412
2.04764e-05, 0.134795
2.05064e-05, 0.133464
2.05364e-05, 0.131449
2.05664e-05, 0.128796
2.05964e-05, 0.125569
2.06264e-05, 0.121848
2.06563e-05, 0.117734
2.06863e-05, 0.113346
2.07163e-05, 0.108823
2.07463e-05, 0.104322
2.07763e-05, 0.100021
2.08063e-05, 0.0961105
2.08363e-05, 0.092785
2.08663e-05, 0.0902306
2.08963e-05, 0.0886028
2.09263e-05, 0.0880049
2.09563e-05, 0.08847
2.09863e-05, 0.0899548
2.10163e-05, 0.0923467
2.10463e-05, 0.0954824
2.10763e-05, 0.0991705
2.11063e-05, 0.103212
2.11362e-05, 0.107417
2.11662e-05, 0.111608
2.11962e-05, 0.115632
2.12262e-05, 0.119356
2.12562e-05, 0.122672
2.12862e-05, 0.12549
2.13162e-05, 0.127743
2.13462e-05, 0.129383
2.13762e-05, 0.130379
2.14062e-05, 0.130719
2.14362e-05, 0.130407
2.14662e-05, 0.129464
2.14962e-05, 0.127924
2.15262e-05, 0.125839
2.15562e-05, 0.123273
2.15862e-05, 0.120305
2.16161e-05, 0.11703
2.16461e-05, 0.113551
2.16761e-05, 0.109988
2.17061e-05, 0.106468
2.17361e-05, 0.103127
2.17661e-05, 0.100102
2.17961e-05, 0.0975233
2.18261e-05, 0.0955091
2.18561e-05, 0.0941505
2.18861e-05, 0.0935029
2.19161e-05, 0.0935794
2.19461e-05, 0.0943487
2.19761e-05, 0.0957394
2.20061e-05, 0.0976489
2.20361e-05, 0.0999551
2.20661e-05, 0.102527
2.2096e-05, 0.105237
2.2126e-05, 0.107964
2.2156e-05, 0.1106
2.2186e-05, 0.113055
2.2216e-05, 0.115255
2.2246e-05, 0.117144
2.2276e-05, 0.118682
2.2306e-05, 0.119847
2.2336e-05, 0.120634
2.2366e-05, 0.121051
2.2396e-05, 0.12112
2.2426e-05, 0.120877
2.2456e-05, 0.120366
2.2486e-05, 0.119643
2.2516e-05, 0.118768
2.2546e-05, 0.117808
2.25759e-05, 0.11683
2.26059e-05, 0.115899
2.26359e-05, 0.115075
2.26659e-05, 0.114408
2.26959e-05, 0.113936
2.27259e-05, 0.113681
2.27559e-05, 0.113651
2.27859e-05, 0.113834
2.28159e-05, 0.114202
2.28459e-05, 0.114715
2.28759e-05, 0.11532
2.29059e-05, 0.11596
2.29359e-05, 0.116571
2.29659e-05, 0.117095
2.29959e-05, 0.117474
2.30259e-05, 0.117661
2.30558e-05, 0.11762
2.30858e-05, 0.117325
2.31158e-05, 0.116767
2.31458e-05, 0.115952
2.31758e-05, 0.1149
2.32058e-05, 0.113649
2.32358e-05, 0.112254
2.32658e-05, 0.110782
2.32958e-05, 0.109312
2.33258e-05, 0.107935
2.33558e-05, 0.106742
2.33858e-05, 0.105825
2.34158e-05, 0.105269
2.34458e-05, 0.10514
2.34758e-05, 0.105484
2.35058e-05, 0.10632
2.35357e-05, 0.107637
2.35657e-05, 0.109397
2.35957e-05, 0.111533
2.36257e-05, 0.113962
2.36557e-05, 0.116583
2.36857e-05, 0.11929
2.37157e-05, 0.121973
2.37457e-05, 0.124526
2.37757e-05, 0.126846
2.38057e-05, 0.12884
2.38357e-05, 0.130426
2.38657e-05, 0.131533
2.38957e-05, 0.132103
2.39257e-05, 0.132092
2.39557e-05, 0.131471
2.39857e-05, 0.130227
2.40156e-05, 0.128363
2.40456e-05, 0.125899
2.40756e-05, 0.122877
2.41056e-05, 0.119354
2.41356e-05, 0.115411
2.41656e-05, 0.111153
2.41956e-05, 0.106708
2.42256e-05, 0.102231
2.42556e-05, 0.0979003
2.42856e-05, 0.0939194
2.43156e-05, 0.0905039
2.43456e-05, 0.0878679
2.43756e-05, 0.0861996
2.44056e-05, 0.085633
2.44356e-05, 0.0862241
2.44656e-05, 0.0879385
2.44955e-05, 0.0906588
2.45255e-05, 0.0942065
2.45555e-05, 0.0983697
2.45855e-05, 0.102927
2.46155e-05, 0.107667
2.46455e-05, 0.112395
2.46755e-05, 0.11694
2.47055e-05, 0.121154
2.47355e-05, 0.124913
2.47655e-05, 0.128114
2.47955e-05, 0.130674
2.48255e-05, 0.13253
2.48555e-05, 0.133637
2.48855e-05, 0.133966
2.49155e-05, 0.133505
2.49455e-05, 0.132257
2.49754e-05, 0.130242
2.50054e-05, 0.127496
2.50354e-05, 0.124069
2.50654e-05, 0.120029
2.50954e-05, 0.115462
2.51254e-05, 0.110473
2.51554e-05, 0.105187
2.51854e-05, 0.0997548
2.52154e-05, 0.0943539
2.52454e-05, 0.0891894
2.52754e-05, 0.0844931
2.53054e-05, 0.0805141
2.53354e-05, 0.0774988
2.53654e-05, 0.0756585
2.53954e-05, 0.0751289
2.54254e-05, 0.0759378
2.54553e-05, 0.077997
2.54853e-05, 0.0811232
2.55153e-05, 0.0850763
2.55453e-05, 0.0895984
2.55753e-05, 0.0944415
2.56053e-05, 0.0993827
2.56353e-05, 0.10423
2.56653e-05, 0.10882
2.56953e-05, 0.11302
2.57253e-05, 0.116722
2.57553e-05, 0.11984
2.57853e-05, 0.122309
2.58153e-05, 0.124084
2.58453e-05, 0.125136
2.58753e-05, 0.125454
2.59053e-05, 0.125043
2.59352e-05, 0.123925
2.59652e-05, 0.122135
2.59952e-05, 0.119726
2.60252e-05, 0.116766
2.60552e-05, 0.113337
2.60852e-05, 0.10954
2.61152e-05, 0.105493
2.61452e-05, 0.101327
2.61752e-05, 0.0971937
2.62052e-05, 0.0932542
2.62352e-05, 0.0896793
2.62652e-05, 0.0866386
2.62952e-05, 0.0842863
2.63252e-05, 0.0827447
2.63552e-05, 0.0820865
2.63852e-05, 0.082323
2.64151e-05, 0.0834015
2.64451e-05, 0.0852144
2.64751e-05, 0.0876154
2.65051e-05, 0.0904388
2.65351e-05, 0.0935162
2.65651e-05, 0.0966885
2.65951e-05, 0.099813
2.66251e-05, 0.102767
2.66551e-05, 0.10545
2.66851e-05, 0.107782
2.67151e-05, 0.109702
2.67451e-05, 0.11117
2.67751e-05, 0.112163
2.68051e-05, 0.112674
2.68351e-05, 0.112714
2.68651e-05, 0.112308
2.6895e-05, 0.111493
2.6925e-05, 0.110323
2.6955e-05, 0.108862
2.6985e-05, 0.107183
2.7015e-05, 0.10537
2.7045e-05, 0.103512
2.7075e-05, 0.1017
2.7105e-05, 0.100026
2.7135e-05, 0.0985741
2.7165e-05, 0.0974153
2.7195e-05, 0.0966049
2.7225e-05, 0.0961755
2.7255e-05, 0.0961348
2.7285e-05, 0.0964652
2.7315e-05, 0.0971253
2.7345e-05, 0.0980543
2.73749e-05, 0.0991775
2.74049e-05, 0.100412
2.74349e-05, 0.101674
2.74649e-05, 0.102881
2.74949e-05, 0.103959
2.75249e-05, 0.104845
2.75549e-05, 0.105487
2.75849e-05, 0.105849
2.76149e-05, 0.105908
2.76449e-05, 0.10566
2.76749e-05, 0.105114
2.77049e-05, 0.104296
2.77349e-05, 0.103246
2.77649e-05, 0.102017
2.77949e-05, 0.100678
2.78249e-05, 0.0993031
2.78548e-05, 0.0979757
2.78848e-05, 0.0967807
2.79148e-05, 0.0958001
2.79448e-05, 0.0951075
2.79748e-05, 0.0947614
2.80048e-05, 0.0948004
2.80348e-05, 0.095239
2.80648e-05, 0.0960665
2.80948e-05, 0.0972472
2.81248e-05, 0.0987241
2.81548e-05, 0.100424
2.81848e-05, 0.102261
2.82148e-05, 0.104145
2.82448e-05, 0.105985
2.82748e-05, 0.107692
2.83048e-05, 0.109184
2.83347e-05, 0.110388
2.83647e-05, 0.111241
2.83947e-05, 0.111691
2.84247e-05, 0.111702
2.84547e-05, 0.111249
2.84847e-05, 0.110321
2.85147e-05, 0.108926
2.85447e-05, 0.107085
2.85747e-05, 0.104838
2.86047e-05, 0.102243
2.86347e-05, 0.0993782
2.86647e-05, 0.0963395
2.86947e-05, 0.0932434
2.87247e-05, 0.0902242
2.87547e-05, 0.0874305
2.87847e-05, 0.0850174
2.88146e-05, 0.0831359
2.88446e-05, 0.0819174
2.88746e-05, 0.0814569
2.89046e-05, 0.0817987
2.89346e-05, 0.0829284
2.89646e-05, 0.0847757
2.89946e-05, 0.0872242
2.90246e-05, 0.0901275
2.90546e-05, 0.0933254
2.90846e-05, 0.0966566
2.91146e-05, 0.0999682
2.91446e-05, 0.103121
2.91746e-05, 0.105995
2.92046e-05, 0.108484
2.92346e-05, 0.110503
2.92646e-05, 0.111983
2.92945e-05, 0.112874
2.93245e-05, 0.113141
2.93545e-05, 0.112762
2.93845e-05, 0.111735
2.94145e-05, 0.110067
2.94445e-05, 0.107785
2.94745e-05, 0.104926
2.95045e-05, 0.101544
2.95345e-05, 0.0977098
2.95645e-05, 0.093509
2.95945e-05, 0.0890482
2.96245e-05, 0.084455
2.96545e-05, 0.0798814
2.96845e-05, 0.0755052
2.97145e-05, 0.0715286
2.97445e-05, 0.0681707
2.97744e-05, 0.0656494
2.98044e-05, 0.0641523
2.98344e-05, 0.0637997
2.98644e-05, 0.0646153
2.98944e-05, 0.0665191
2.99244e-05, 0.0693466
2.99544e-05, 0.0728841
2.99844e-05, 0.0769028
3.00144e-05, 0.0811833
3.00444e-05, 0.0855282
3.00744e-05, 0.0897665
3.01044e-05, 0.093753
3.01344e-05, 0.0973672
3.01644e-05, 0.10051
3.01944e-05, 0.103101
3.02244e-05, 0.10508
3.02543e-05, 0.1064
3.02843e-05, 0.107032
3.03143e-05, 0.106961
3.03443e-05, 0.106189
3.03743e-05, 0.104728
3.04043e-05, 0.10261
3.04343e-05, 0.099877
3.04643e-05, 0.0965904
3.04943e-05, 0.0928265
3.05243e-05, 0.0886798
3.05543e-05, 0.0842646
3.05843e-05, 0.0797178
3.06143e-05, 0.0752001
3.06443e-05, 0.0708977
3.06743e-05, 0.0670189
3.07043e-05, 0.0637849
3.07342e-05, 0.0614085
3.07642e-05, 0.0600615
3.07942e-05, 0.0598382
3.08242e-05, 0.0607304
3.08542e-05, 0.0626285
3.08842e-05, 0.0653485
3.09142e-05, 0.0686699
3.09442e-05, 0.0723693
3.09742e-05, 0.0762405
3.10042e-05, 0.0801046
3.10342e-05, 0.0838114
3.10642e-05, 0.0872379
3.10942e-05, 0.0902857
3.11242e-05, 0.0928779
3.11542e-05, 0.0949565
3.11842e-05, 0.0964812
3.12141e-05, 0.097427
3.12441e-05, 0.0977839
3.12741e-05, 0.0975559
3.13041e-05, 0.0967607
3.13341e-05, 0.0954292
3.13641e-05, 0.0936059
3.13941e-05, 0.0913484
3.14241e-05, 0.0887282
3.14541e-05, 0.0858307
3.14841e-05, 0.082755
3.15141e-05, 0.0796141
3.15441e-05, 0.0765329
3.15741e-05, 0.0736456
3.16041e-05, 0.0710899
3.16341e-05, 0.0689977
3.16641e-05, 0.0674832
3.1694e-05, 0.0666285
3.1724e-05, 0.0664717
3.1754e-05, 0.0670001
3.1784e-05, 0.0681526
3.1814e-05, 0.0698293
3.1844e-05, 0.0719057
3.1874e-05, 0.0742471
3.1904e-05, 0.07672
3.1934e-05, 0.0792006
3.1964e-05, 0.0815788
3.1994e-05, 0.0837604
3.2024e-05, 0.085668
3.2054e-05, 0.0872402
3.2084e-05, 0.0884319
3.2114e-05, 0.0892127
3.2144e-05, 0.0895671
3.21739e-05, 0.0894937
3.22039e-05, 0.0890046
3.22339e-05, 0.0881253
3.22639e-05, 0.0868944
3.22939e-05, 0.0853623
3.23239e-05, 0.0835919
3.23539e-05, 0.0816564
3.23839e-05, 0.079638
3.24139e-05, 0.077626
3.24439e-05, 0.0757129
3.24739e-05, 0.0739901
3.25039e-05, 0.0725416
3.25339e-05, 0.0714375
3.25639e-05, 0.0707278
3.25939e-05, 0.0704367
3.26239e-05, 0.07056
3.26538e-05, 0.0710666
3.26838e-05, 0.0719012
3.27138e-05, 0.0729916
3.27438e-05, 0.0742554
3.27738e-05, 0.0756066
3.28038e-05, 0.0769612
3.28338e-05, 0.0782418
3.28638e-05, 0.0793799
3.28938e-05, 0.0803175
3.29238e-05, 0.0810085
3.29538e-05, 0.0814184
3.29838e-05, 0.0815251
3.30138e-05, 0.081318
3.30438e-05, 0.0807985
3.30738e-05, 0.0799799
3.31038e-05, 0.0788868
3.31337e-05, 0.0775555
3.31637e-05, 0.0760335
3.31937e-05, 0.0743793
3.32237e-05, 0.0726612
3.32537e-05, 0.0709562
3.32837e-05, 0.0693469
3.33137e-05, 0.067918
3.33437e-05, 0.0667505
3.33737e-05, 0.0659156
3.34037e-05, 0.0654671
3.34337e-05, 0.0654355
3.34637e-05, 0.0658237
3.34937e-05, 0.0666066
3.35237e-05, 0.0677337
3.35537e-05, 0.0691344
3.35837e-05, 0.0707255
3.36136e-05, 0.0724173
3.36436e-05, 0.0741205
3.36736e-05, 0.0757499
3.37036e-05, 0.0772281
3.37336e-05, 0.0784879
3.37636e-05, 0.0794728
3.37936e-05, 0.0801386
3.38236e-05, 0.0804532
3.38536e-05, 0.080397
3.38836e-05, 0.0799631
3.39136e-05, 0.079157
3.39436e-05, 0.0779972
3.39736e-05, 0.076515
3.40036e-05, 0.0747547
3.40336e-05, 0.072774
3.40636e-05, 0.0706432
3.40935e-05, 0.0684457
3.41235e-05, 0.0662761
3.41535e-05, 0.0642376
3.41835e-05, 0.0624377
3.42135e-05, 0.0609812
3.42435e-05, 0.0599603
3.42735e-05, 0.0594444
3.43035e-05, 0.0594706
3.43335e-05, 0.0600371
3.43635e-05, 0.0611042
3.43935e-05, 0.0625992
3.44235e-05, 0.0644265
3.44535e-05, 0.0664778
3.44835e-05, 0.0686415
3.45135e-05, 0.0708099
3.45435e-05, 0.0728835
3.45734e-05, 0.0747736
3.46034e-05, 0.0764041
3.46334e-05, 0.0777114
3.46634e-05, 0.0786454
3.46934e-05, 0.0791686
3.47234e-05, 0.0792569
3.47534e-05, 0.0788993
3.47834e-05, 0.0780976
3.48134e-05, 0.0768677
3.48434e-05, 0.0752388
3.48734e-05, 0.073255
3.49034e-05, 0.0709749
3.49334e-05, 0.0684732
3.49634e-05, 0.0658406
3.49934e-05, 0.0631839
3.50234e-05, 0.060625
3.50533e-05, 0.0582972
3.50833e-05, 0.056338
3.51133e-05, 0.0548776
3.51433e-05, 0.0540228
3.51733e-05, 0.0538405
3.52033e-05, 0.0543456
3.52333e-05, 0.055498
3.52633e-05, 0.0572106
3.52933e-05, 0.0593649
3.53233e-05, 0.0618272
3.53533e-05, 0.0644632
3.53833e-05, 0.067146
3.54133e-05, 0.069762
3.54433e-05, 0.072212
3.54733e-05, 0.0744117
3.55033e-05, 0.0762905
3.55332e-05, 0.0777916
3.55632e-05, 0.0788698
3.55932e-05, 0.079492
3.56232e-05, 0.0796358
3.56532e-05, 0.0792897
3.56832e-05, 0.0784532
3.57132e-05, 0.077137
3.57432e-05, 0.0753632
3.57732e-05, 0.0731671
3.58032e-05, 0.0705974
3.58332e-05, 0.0677185
3.58632e-05, 0.0646123
3.58932e-05, 0.0613802
3.59232e-05, 0.0581457
3.59532e-05, 0.0550546
3.59832e-05, 0.0522734
3.60131e-05, 0.0499803
3.60431e-05, 0.0483477
3.60731e-05, 0.0475147
3.61031e-05, 0.047557
3.61331e-05, 0.0484671
3.61631e-05, 0.0501555
3.61931e-05, 0.0524733
3.62231e-05, 0.0552423
3.62531e-05, 0.0582815
3.62831e-05, 0.0614234
3.63131e-05, 0.0645216
3.63431e-05, 0.0674525
3.63731e-05, 0.070114
3.64031e-05, 0.0724239
3.64331e-05, 0.0743175
3.64631e-05, 0.0757455
3.6493e-05, 0.0766729
3.6523e-05, 0.0770772
3.6553e-05, 0.0769475
3.6583e-05, 0.0762841
3.6613e-05, 0.0750974
3.6643e-05, 0.0734081
3.6673e-05, 0.0712468
3.6703e-05, 0.0686543
3.6733e-05, 0.0656826
3.6763e-05, 0.0623955
3.6793e-05, 0.0588706
3.6823e-05, 0.055202
3.6853e-05, 0.0515036
3.6883e-05, 0.0479123
3.6913e-05, 0.0445909
3.6943e-05, 0.0417256
3.69729e-05, 0.039514
3.70029e-05, 0.0381363
3.70329e-05, 0.0377133
3.70629e-05, 0.0382673
3.70929e-05, 0.0397122
3.71229e-05, 0.0418812
3.71529e-05, 0.0445711
3.71829e-05, 0.0475806
3.72129e-05, 0.0507307
3.72429e-05, 0.0538714
3.72729e-05, 0.0568805
3.73029e-05, 0.0596601
3.73329e-05, 0.0621323
3.73629e-05, 0.0642363
3.73929e-05, 0.0659256
3.74229e-05, 0.0671663
3.74528e-05, 0.0679359
3.74828e-05, 0.068222
3.75128e-05, 0.0680225
3.75428e-05, 0.0673444
3.75728e-05, 0.0662044
3.76028e-05, 0.0646288
3.76328e-05, 0.062654
3.76628e-05, 0.0603267
3.76928e-05, 0.0577056
3.77228e-05, 0.0548625
3.77528e-05, 0.0518842
3.77828e-05, 0.0488747
3.78128e-05, 0.0459569
3.78428e-05, 0.0432724
3.78728e-05, 0.0409778
3.79028e-05, 0.0392318
3.79327e-05, 0.0381731
3.79627e-05, 0.0378911
3.79927e-05, 0.0384019
3.80227e-05, 0.0396424
3.80527e-05, 0.0414881
3.80827e-05, 0.0437824
3.81127e-05, 0.0463634
3.81427e-05, 0.0490813
3.81727e-05, 0.0518058
3.82027e-05, 0.054428
3.82327e-05, 0.0568588
3.82627e-05, 0.0590269
3.82927e-05, 0.0608762
3.83227e-05, 0.0623648
3.83527e-05, 0.0634634
3.83827e-05, 0.0641542
3.84126e-05, 0.0644307
3.84426e-05, 0.0642969
3.84726e-05, 0.0637678
3.85026e-05, 0.0628689
3.85326e-05, 0.0616366
3.85626e-05, 0.0601179
3.85926e-05, 0.0583713
3.86226e-05, 0.0564663
3.86526e-05, 0.0544831
3.86826e-05, 0.0525116
3.87126e-05, 0.0506493
3.87426e-05, 0.0489965
3.87726e-05, 0.0476497
3.88026e-05, 0.0466923
3.88326e-05, 0.0461845
3.88626e-05, 0.0461537
3.88925e-05, 0.0465906
3.89225e-05, 0.0474507
3.89525e-05, 0.0486614
3.89825e-05, 0.0501328
3.90125e-05, 0.0517679
3.90425e-05, 0.0534713
3.90725e-05, 0.055154
3.91025e-05, 0.0567376
3.91325e-05, 0.0581553
3.91625e-05, 0.0593521
3.91925e-05, 0.0602853
3.92225e-05, 0.0609237
3.92525e-05, 0.0612473
3.92825e-05, 0.0612474
3.93125e-05, 0.0609259
3.93425e-05, 0.0602956
3.93724e-05, 0.0593798
3.94024e-05, 0.0582126
3.94324e-05, 0.056838
3.94624e-05, 0.0553108
3.94924e-05, 0.0536948
3.95224e-05, 0.0520617
3.95524e-05, 0.0504892
3.95824e-05, 0.0490566
3.96124e-05, 0.0478402
3.96424e-05, 0.0469062
3.96724e-05, 0.0463036
3.97024e-05, 0.0460579
3.97324e-05, 0.0461677
3.97624e-05, 0.0466046
3.97924e-05, 0.0473172
3.98224e-05, 0.0482382
3.98523e-05, 0.0492919
3.98823e-05, 0.0504004
3.99123e-05, 0.0514898
3.99423e-05, 0.052493
3.99723e-05, 0.0533519
4.00023e-05, 0.0540181
4.00323e-05, 0.0544535
4.00623e-05, 0.0546297
4.00923e-05, 0.054528
4.01223e-05, 0.0541388
4.01523e-05, 0.0534613
4.01823e-05, 0.0525039
4.02123e-05, 0.0512837
4.02423e-05, 0.0498277
4.02723e-05, 0.0481728
4.03023e-05, 0.0463674
4.03322e-05, 0.0444721
4.03622e-05, 0.0425611
4.03922e-05, 0.0407224
4.04222e-05, 0.039056
4.04522e-05, 0.0376697
4.04822e-05, 0.0366693
4.05122e-05, 0.0361445
4.05422e-05, 0.0361525
4.05722e-05, 0.0367054
4.06022e-05, 0.0377665
4.06322e-05, 0.0392578
4.06622e-05, 0.0410747
4.06922e-05, 0.043101
4.07222e-05, 0.0452206
4.07522e-05, 0.0473254
4.07822e-05, 0.0493188
4.08121e-05, 0.0511166
4.08421e-05, 0.0526479
4.08721e-05, 0.0538543
4.09021e-05, 0.0546898
4.09321e-05, 0.0551201
4.09621e-05, 0.0551224
4.09921e-05, 0.0546848
4.10221e-05, 0.0538066
4.10521e-05, 0.0524978
4.10821e-05, 0.0507786
4.11121e-05, 0.0486799
4.11421e-05, 0.0462434
4.11721e-05, 0.0435222
4.12021e-05, 0.0405821
4.12321e-05, 0.037504
4.12621e-05, 0.0343877
4.1292e-05, 0.0313571
4.1322e-05, 0.0285663
4.1352e-05, 0.0262018
4.1382e-05, 0.0244722
4.1412e-05, 0.0235695
4.1442e-05, 0.0236057
4.1472e-05, 0.0245615
4.1502e-05, 0.0262961
4.1532e-05, 0.0286095
4.1562e-05, 0.0313033
4.1592e-05, 0.0342102
4.1622e-05, 0.0371993
4.1652e-05, 0.04017
4.1682e-05, 0.0430439
4.1712e-05, 0.045758
4.1742e-05, 0.0482604
4.17719e-05, 0.0505061
4.18019e-05, 0.0524557
4.18319e-05, 0.0540738
4.18619e-05, 0.0553286
4.18919e-05, 0.0561919
4.19219e-05, 0.0566397
4.19519e-05, 0.056653
4.19819e-05, 0.0562183
4.20119e-05, 0.0553293
4.20419e-05, 0.0539881
4.20719e-05, 0.0522066
4.21019e-05, 0.0500084
4.21319e-05, 0.0474313
4.21619e-05, 0.0445305
4.21919e-05, 0.0413828
4.22219e-05, 0.0380939
4.22518e-05, 0.0348069
4.22818e-05, 0.0317141
4.23118e-05, 0.0290651
4.23418e-05, 0.0271564
4.23718e-05, 0.0262759
4.24018e-05, 0.0265968
4.24318e-05, 0.0280914
4.24618e-05, 0.0305495
4.24918e-05, 0.0336822
4.25218e-05, 0.0372122
4.25518e-05, 0.0409111
4.25818e-05, 0.0446015
4.26118e-05, 0.0481481
4.26418e-05, 0.0514471
4.26718e-05, 0.0544187
4.27018e-05, 0.0570016
4.27317e-05, 0.0591495
4.27617e-05, 0.0608284
4.27917e-05, 0.0620154
4.28217e-05, 0.0626967
4.28517e-05, 0.0628674
4.28817e-05, 0.0625303
4.29117e-05, 0.0616955
4.29417e-05, 0.0603801
4.29717e-05, 0.0586077
4.30017e-05, 0.0564087
4.30317e-05, 0.0538201
4.30617e-05, 0.0508865
4.30917e-05, 0.0476608
4.31217e-05, 0.0442061
4.31517e-05, 0.0405984
4.31817e-05, 0.0369312
4.32116e-05, 0.0333218
4.32416e-05, 0.0299202
4.32716e-05, 0.0269177
4.33016e-05, 0.0245454
4.33316e-05, 0.0230447
4.33616e-05, 0.0225904
4.33916e-05, 0.023201
4.34216e-05, 0.0247194
4.34516e-05, 0.0268896
4.34816e-05, 0.0294507
4.35116e-05, 0.0321859
4.35416e-05, 0.0349308
4.35716e-05, 0.0375648
4.36016e-05, 0.0400001
4.36316e-05, 0.0421732
4.36616e-05, 0.0440387
4.36915e-05, 0.0455653
4.37215e-05, 0.046733
4.37515e-05, 0.0475313
4.37815e-05, 0.0479578
4.38115e-05, 0.048017
4.38415e-05, 0.0477197
4.38715e-05, 0.0470819
4.39015e-05, 0.0461242
4.39315e-05, 0.0448711
4.39615e-05, 0.0433506
4.39915e-05, 0.0415936
4.40215e-05, 0.0396336
4.40515e-05, 0.0375059
4.40815e-05, 0.0352485
4.41115e-05, 0.0329011
4.41415e-05, 0.030506
4.41714e-05, 0.0281088
4.42014e-05, 0.0257588
4.42314e-05, 0.0235111
4.42614e-05, 0.0214271
4.42914e-05, 0.0195751
4.43214e-05, 0.0180284
4.43514e-05, 0.016858
4.43814e-05, 0.0161187
4.44114e-05, 0.0158321
4.44414e-05, 0.0159757
4.44714e-05, 0.0164868
4.45014e-05, 0.0172804
4.45314e-05, 0.0182685
4.45614e-05, 0.0193733
4.45914e-05, 0.0205315
4.46214e-05, 0.0216949
4.46513e-05, 0.0228278
4.46813e-05, 0.0239041
4.47113e-05, 0.0249058
4.47413e-05, 0.0258206
4.47713e-05, 0.0266405
4.48013e-05, 0.027361
4.48313e-05, 0.0279806
4.48613e-05, 0.0284997
4.48913e-05, 0.0289203
4.49213e-05, 0.0292462
4.49513e-05, 0.029482
4.49813e-05, 0.0296335
4.50113e-05, 0.0297071
4.50413e-05, 0.0297098
4.50713e-05, 0.0296493
4.51013e-05, 0.0295336
4.51312e-05, 0.0293709
4.51612e-05, 0.0291698
4.51912e-05, 0.028939
4.52212e-05, 0.0286869
4.52512e-05, 0.0284223
4.52812e-05, 0.0281535
4.53112e-05, 0.0278887
4.53412e-05, 0.0276357
4.53712e-05, 0.0274017
4.54012e-05, 0.0271934
4.54312e-05, 0.0270167
4.54612e-05, 0.0268768
4.54912e-05, 0.0267777
4.55212e-05, 0.0267228
4.55512e-05, 0.026714
4.55812e-05, 0.0267526
4.56111e-05, 0.0268385
4.56411e-05, 0.0269708
4.56711e-05, 0.0271477
4.57011e-05, 0.0273664
4.57311e-05, 0.0276236
4.57611e-05, 0.0279155
4.57911e-05, 0.0282377
4.58211e-05, 0.0285854
4.58511e-05, 0.0289539
4.58811e-05, 0.0293382
4.59111e-05, 0.0297332
4.59411e-05, 0.0301342
4.59711e-05, 0.0305362
4.60011e-05, 0.0309346
4.60311e-05, 0.0313249
4.60611e-05, 0.0317029
4.6091e-05, 0.0320644
4.6121e-05, 0.0324056
4.6151e-05, 0.0327231
4.6181e-05, 0.0330134
4.6211e-05, 0.0332734
4.6241e-05, 0.0335004
4.6271e-05, 0.0336917
4.6301e-05, 0.033845
4.6331e-05, 0.0339583
4.6361e-05, 0.0340297
4.6391e-05, 0.0340578
4.6421e-05, 0.0340414
4.6451e-05, 0.0339794
4.6481e-05, 0.0338713
4.6511e-05, 0.0337166
4.6541e-05, 0.0335154
4.65709e-05, 0.033268
4.66009e-05, 0.032975
4.66309e-05, 0.0326373
4.66609e-05, 0.0322561
4.66909e-05, 0.0318331
4.67209e-05, 0.0313702
4.67509e-05, 0.0308695
4.67809e-05, 0.0303336
4.68109e-05, 0.0297653
4.68409e-05, 0.0291678
4.68709e-05, 0.0285444
4.69009e-05, 0.0278988
4.69309e-05, 0.027235
4.69609e-05, 0.0265572
4.69909e-05, 0.0258697
4.70209e-05, 0.0251773
4.70508e-05, 0.0244849
4.70808e-05, 0.0237975
4.71108e-05, 0.0231204
4.71408e-05, 0.0224591
4.71708e-05, 0.0218189
4.72008e-05, 0.0212053
4.72308e-05, 0.0206237
4.72608e-05, 0.0200792
4.72908e-05, 0.0195768
4.73208e-05, 0.0191207
4.73508e-05, 0.0187146
4.73808e-05, 0.0183614
4.74108e-05, 0.018063
4.74408e-05, 0.0178202
4.74708e-05, 0.0176328
4.75008e-05, 0.0174991
4.75307e-05, 0.0174168
4.75607e-05, 0.0173822
4.75907e-05, 0.0173909
4.76207e-05, 0.0174381
4.76507e-05, 0.0175183
4.76807e-05, 0.0176258
4.77107e-05, 0.017755
4.77407e-05, 0.0179003
4.77707e-05, 0.0180563
4.78007e-05, 0.0182182
4.78307e-05, 0.0183811
4.78607e-05, 0.0185409
4.78907e-05, 0.0186939
4.79207e-05, 0.0188366
4.79507e-05, 0.018966
4.79807e-05, 0.0190795
4.80106e-05, 0.019175
4.80406e-05, 0.0192507
4.80706e-05, 0.0193049
4.81006e-05, 0.0193364
4.81306e-05, 0.0193443
4.81606e-05, 0.019328
4.81906e-05, 0.0192869
4.82206e-05, 0.019221
4.82506e-05, 0.0191303
4.82806e-05, 0.019015
4.83106e-05, 0.0188756
4.83406e-05, 0.0187127
4.83706e-05, 0.018527
4.84006e-05, 0.0183194
4.84306e-05, 0.0180909
4.84606e-05, 0.0178427
4.84905e-05, 0.017576
4.85205e-05, 0.0172918
4.85505e-05, 0.0169916
4.85805e-05, 0.0166766
4.86105e-05, 0.0163481
4.86405e-05, 0.0160074
4.86705e-05, 0.0156559
4.87005e-05, 0.0152948
4.87305e-05, 0.0149255
4.87605e-05, 0.0145492
4.87905e-05, 0.0141673
4.88205e-05, 0.013781
4.88505e-05, 0.0133917
4.88805e-05, 0.0130006
4.89105e-05, 0.0126093
4.89405e-05, 0.0122189
4.89704e-05, 0.0118311
4.90004e-05, 0.0114471
4.90304e-05, 0.0110685
4.90604e-05, 0.010697
4.90904e-05, 0.010334
4.91204e-05, 0.00998146
4.91504e-05, 0.00964106
4.91804e-05, 0.00931478
4.92104e-05, 0.00900463
4.92404e-05, 0.00871277
4.92704e-05, 0.00844149
4.93004e-05, 0.00819317
4.93304e-05, 0.00797031
4.93604e-05, 0.00777539
4.93904e-05, 0.00761088
4.94204e-05, 0.00747915
4.94503e-05, 0.00738229
4.94803e-05, 0.00732206
4.95103e-05, 0.00729981
4.95403e-05, 0.00731626
4.95703e-05, 0.00737151
4.96003e-05, 0.00746507
4.96303e-05, 0.00759582
4.96603e-05, 0.00776212
4.96903e-05, 0.00796192
4.97203e-05, 0.0081928
4.97503e-05, 0.00845221
4.97803e-05, 0.00873746
4.98103e-05, 0.00904584
4.98403e-05, 0.00937476
4.98703e-05, 0.00972162
4.99003e-05, 0.0100841
4.99302e-05, 0.0104598
4.99602e-05, 0.0108467
4.99902e-05, 0.0112427
5.00202e-05, 0.0116461
5.00502e-05, 0.0120551
5.00802e-05, 0.012468
5.01102e-05, 0.0128833
5.01402e-05, 0.0132996
5.01702e-05, 0.0137154
5.02002e-05, 0.0141294
5.02302e-05, 0.0145404
5.02602e-05, 0.0149471
5.02902e-05, 0.0153483
5.03202e-05, 0.0157429
5.03502e-05, 0.0161297
5.03802e-05, 0.0165076
5.04101e-05, 0.0168758
5.04401e-05, 0.0172331
5.04701e-05, 0.0175787
5.05001e-05, 0.0179117
5.05301e-05, 0.0182312
5.05601e-05, 0.0185366
5.05901e-05, 0.0188272
5.06201e-05, 0.0191023
5.06501e-05, 0.0193612
5.06801e-05, 0.0196036
5.07101e-05, 0.0198289
5.07401e-05, 0.0200367
5.07701e-05, 0.0202266
5.08001e-05, 0.0203983
5.08301e-05, 0.0205516
5.08601e-05, 0.0206863
5.089e-05, 0.0208022
5.092e-05, 0.0208991
5.095e-05, 0.0209772
5.098e-05, 0.0210363
5.101e-05, 0.0210766
5.104e-05, 0.0210982
5.107e-05, 0.0211012
5.11e-05, 0.0210858


