

x(m), Y
-9.00747e-06, 0.0164574
-8.97748e-06, 0.0173244
-8.94748e-06, 0.0182953
-8.91749e-06, 0.0193604
-8.88749e-06, 0.0205066
-8.8575e-06, 0.0217171
-8.82751e-06, 0.0229719
-8.79751e-06, 0.0242481
-8.76752e-06, 0.025521
-8.73753e-06, 0.0267648
-8.70753e-06, 0.0279546
-8.67754e-06, 0.0290682
-8.64754e-06, 0.0300879
-8.61755e-06, 0.0310031
-8.58756e-06, 0.0318121
-8.55756e-06, 0.0325238
-8.52757e-06, 0.0331591
-8.49758e-06, 0.0337504
-8.46758e-06, 0.0343406
-8.43759e-06, 0.0349793
-8.40759e-06, 0.0357176
-8.3776e-06, 0.0366016
-8.34761e-06, 0.0376649
-8.31761e-06, 0.0389232
-8.28762e-06, 0.0403707
-8.25763e-06, 0.0419804
-8.22763e-06, 0.0437075
-8.19764e-06, 0.0454947
-8.16764e-06, 0.0472784
-8.13765e-06, 0.0489953
-8.10766e-06, 0.0505877
-8.07766e-06, 0.0520077
-8.04767e-06, 0.0532208
-8.01768e-06, 0.0542079
-7.98768e-06, 0.0549661
-7.95769e-06, 0.0555084
-7.92769e-06, 0.0558625
-7.8977e-06, 0.0560681
-7.86771e-06, 0.0561728
-7.83771e-06, 0.0562271
-7.80772e-06, 0.0562797
-7.77773e-06, 0.0563715
-7.74773e-06, 0.0565315
-7.71774e-06, 0.0567737
-7.68774e-06, 0.0570973
-7.65775e-06, 0.0574877
-7.62776e-06, 0.0579204
-7.59776e-06, 0.058366
-7.56777e-06, 0.0587945
-7.53778e-06, 0.0591807
-7.50778e-06, 0.0595058
-7.47779e-06, 0.0597605
-7.44779e-06, 0.0599436
-7.4178e-06, 0.0600611
-7.38781e-06, 0.0601231
-7.35781e-06, 0.0601405
-7.32782e-06, 0.0601209
-7.29783e-06, 0.0600657
-7.26783e-06, 0.0599678
-7.23784e-06, 0.0598109
-7.20784e-06, 0.0595706
-7.17785e-06, 0.0592167
-7.14786e-06, 0.0587172
-7.11786e-06, 0.0580418
-7.08787e-06, 0.0571672
-7.05788e-06, 0.0560801
-7.02788e-06, 0.0547809
-6.99789e-06, 0.0532858
-6.96789e-06, 0.0516274
-6.9379e-06, 0.0498543
-6.90791e-06, 0.0480285
-6.87791e-06, 0.0462211
-6.84792e-06, 0.044506
-6.81793e-06, 0.042951
-6.78793e-06, 0.0416086
-6.75794e-06, 0.0405068
-6.72794e-06, 0.0396436
-6.69795e-06, 0.0389855
-6.66796e-06, 0.0384728
-6.63796e-06, 0.0380279
-6.60797e-06, 0.0375668
-6.57798e-06, 0.037009
-6.54798e-06, 0.0362854
-6.51799e-06, 0.0353438
-6.48799e-06, 0.0341515
-6.458e-06, 0.0326963
-6.42801e-06, 0.030986
-6.39801e-06, 0.0290473
-6.36802e-06, 0.0269243
-6.33803e-06, 0.0246769
-6.30803e-06, 0.0223797
-6.27804e-06, 0.0201207
-6.24804e-06, 0.0180003
-6.21805e-06, 0.0161273
-6.18806e-06, 0.0146091
-6.15806e-06, 0.0135304
-6.12807e-06, 0.0129235
-6.09808e-06, 0.0127469
-6.06808e-06, 0.0128941
-6.03809e-06, 0.0132294
-6.00809e-06, 0.0136245
-5.9781e-06, 0.0139777
-5.94811e-06, 0.0142177
-5.91811e-06, 0.0143001
-5.88812e-06, 0.0142026
-5.85813e-06, 0.013921
-5.82813e-06, 0.0134669
-5.79814e-06, 0.0128676
-5.76814e-06, 0.0121664
-5.73815e-06, 0.0114251
-5.70816e-06, 0.0107254
-5.67816e-06, 0.0101671
-5.64817e-06, 0.00985427
-5.61818e-06, 0.00986777
-5.58818e-06, 0.0102329
-5.55819e-06, 0.0109081
-5.52819e-06, 0.0118046
-5.4982e-06, 0.0128172
-5.46821e-06, 0.0138467
-5.43821e-06, 0.0148099
-5.40822e-06, 0.0156415
-5.37823e-06, 0.0162952
-5.34823e-06, 0.0167434
-5.31824e-06, 0.0169787
-5.28824e-06, 0.0170145
-5.25825e-06, 0.0168872
-5.22826e-06, 0.0166565
-5.19826e-06, 0.0164041
-5.16827e-06, 0.0162269
-5.13828e-06, 0.0162238
-5.10828e-06, 0.0164745
-5.07829e-06, 0.0170178
-5.04829e-06, 0.0178412
-5.0183e-06, 0.0188847
-4.98831e-06, 0.0200587
-4.95831e-06, 0.0212621
-4.92832e-06, 0.0223972
-4.89833e-06, 0.0233783
-4.86833e-06, 0.0241368
-4.83834e-06, 0.0246233
-4.80834e-06, 0.0248089
-4.77835e-06, 0.0246863
-4.74836e-06, 0.0242697
-4.71836e-06, 0.0235948
-4.68837e-06, 0.0227188
-4.65838e-06, 0.0217182
-4.62838e-06, 0.0206854
-4.59839e-06, 0.0197217
-4.56839e-06, 0.018925
-4.5384e-06, 0.0183728
-4.50841e-06, 0.0181035
-4.47841e-06, 0.0181063
-4.44842e-06, 0.0183241
-4.41843e-06, 0.0186705
-4.38843e-06, 0.0190511
-4.35844e-06, 0.0193808
-4.32845e-06, 0.0195947
-4.29845e-06, 0.0196522
-4.26846e-06, 0.019539
-4.23846e-06, 0.0192651
-4.20847e-06, 0.0188625
-4.17848e-06, 0.0183809
-4.14848e-06, 0.017882
-4.11849e-06, 0.0174306
-4.0885e-06, 0.0170841
-4.0585e-06, 0.0168817
-4.02851e-06, 0.016836
-3.99851e-06, 0.0169315
-3.96852e-06, 0.0171308
-3.93853e-06, 0.0173854
-3.90853e-06, 0.0176479
-3.87854e-06, 0.0178821
-3.84855e-06, 0.0180692
-3.81855e-06, 0.0182105
-3.78856e-06, 0.018327
-3.75856e-06, 0.0184559
-3.72857e-06, 0.0186432
-3.69858e-06, 0.0189345
-3.66858e-06, 0.0193649
-3.63859e-06, 0.0199497
-3.6086e-06, 0.0206809
-3.5786e-06, 0.0215286
-3.54861e-06, 0.0224477
-3.51861e-06, 0.0233863
-3.48862e-06, 0.0242934
-3.45863e-06, 0.0251259
-3.42863e-06, 0.0258522
-3.39864e-06, 0.0264549
-3.36865e-06, 0.0269313
-3.33865e-06, 0.0272919
-3.30866e-06, 0.0275577
-3.27866e-06, 0.0277561
-3.24867e-06, 0.0279161
-3.21868e-06, 0.0280618
-3.18868e-06, 0.0282083
-3.15869e-06, 0.0283574
-3.1287e-06, 0.0284963
-3.0987e-06, 0.0285997
-3.06871e-06, 0.0286326
-3.03871e-06, 0.0285562
-3.00872e-06, 0.0283332
-2.97873e-06, 0.0279338
-2.94873e-06, 0.0273409
-2.91874e-06, 0.0265539
-2.88875e-06, 0.0255927
-2.85875e-06, 0.0245002
-2.82876e-06, 0.023344
-2.79876e-06, 0.0222159
-2.76877e-06, 0.0212271
-2.73878e-06, 0.0204955
-2.70878e-06, 0.020124
-2.67879e-06, 0.0201731
-2.6488e-06, 0.0206409
-2.6188e-06, 0.0214635
-2.58881e-06, 0.0225346
-2.55881e-06, 0.0237318
-2.52882e-06, 0.0249375
-2.49883e-06, 0.0260499
-2.46883e-06, 0.0269876
-2.43884e-06, 0.0276896
-2.40885e-06, 0.0281137
-2.37885e-06, 0.0282344
-2.34886e-06, 0.0280409
-2.31886e-06, 0.0275346
-2.28887e-06, 0.0267273
-2.25888e-06, 0.0256397
-2.22888e-06, 0.0243
-2.19889e-06, 0.0227439
-2.1689e-06, 0.021015
-2.1389e-06, 0.0191673
-2.10891e-06, 0.0172695
-2.07891e-06, 0.0154132
-2.04892e-06, 0.0137231
-2.01893e-06, 0.0123653
-1.98893e-06, 0.0115331
-1.95894e-06, 0.0113836
-1.92895e-06, 0.0119434
-1.89895e-06, 0.0130859
-1.86896e-06, 0.0146087
-1.83896e-06, 0.0163174
-1.80897e-06, 0.0180562
-1.77898e-06, 0.0197073
-1.74898e-06, 0.0211822
-1.71899e-06, 0.0224146
-1.689e-06, 0.0233566
-1.659e-06, 0.0239773
-1.62901e-06, 0.0242622
-1.59901e-06, 0.0242142
-1.56902e-06, 0.0238548
-1.53903e-06, 0.0232251
-1.50903e-06, 0.0223874
-1.47904e-06, 0.0214265
-1.44905e-06, 0.0204486
-1.41905e-06, 0.0195772
-1.38906e-06, 0.0189404
-1.35906e-06, 0.0186495
-1.32907e-06, 0.0187711
-1.29908e-06, 0.0193082
-1.26908e-06, 0.020202
-1.23909e-06, 0.0213538
-1.2091e-06, 0.0226521
-1.1791e-06, 0.0239923
-1.14911e-06, 0.0252872
-1.11911e-06, 0.0264691
-1.08912e-06, 0.0274894
-1.05913e-06, 0.0283151
-1.02913e-06, 0.0289261
-9.99139e-07, 0.0293112
-9.69145e-07, 0.029465
-9.39152e-07, 0.029385
-9.09158e-07, 0.0290689
-8.79164e-07, 0.0285133
-8.4917e-07, 0.0277125
-8.19177e-07, 0.0266589
-7.89183e-07, 0.0253437
-7.59189e-07, 0.0237587
-7.29195e-07, 0.0218981
-6.99202e-07, 0.0197613
-6.69208e-07, 0.0173553
-6.39214e-07, 0.0146985
-6.0922e-07, 0.0118259
-5.79227e-07, 0.00880557
-5.49233e-07, 0.00580474
-5.19239e-07, 0.00348624
-4.89245e-07, 0.0039461
-4.59252e-07, 0.00671539
-4.29258e-07, 0.010008
-3.99264e-07, 0.0133578
-3.6927e-07, 0.0166115
-3.39277e-07, 0.019682
-3.09283e-07, 0.022506
-2.79289e-07, 0.0250342
-2.49295e-07, 0.0272295
-2.19302e-07, 0.0290658
-1.89308e-07, 0.0305283
-1.59314e-07, 0.0316126
-1.2932e-07, 0.0323245
-9.93266e-08, 0.0326784
-6.93329e-08, 0.0326963
-3.93392e-08, 0.0324063
-9.3454e-09, 0.0318413
2.06483e-08, 0.0310384
5.06421e-08, 0.0300383
8.06358e-08, 0.0288862
1.1063e-07, 0.0276337
1.40623e-07, 0.0263414
1.70617e-07, 0.0250826
2.00611e-07, 0.023946
2.30605e-07, 0.0230352
2.60598e-07, 0.0224622
2.90592e-07, 0.0223304
3.20586e-07, 0.0227105
3.5058e-07, 0.0236205
3.80573e-07, 0.0250197
4.10567e-07, 0.0268218
4.40561e-07, 0.0289155
4.70555e-07, 0.0311835
5.00548e-07, 0.0335135
5.30542e-07, 0.0358044
5.60536e-07, 0.0379685
5.9053e-07, 0.0399323
6.20523e-07, 0.0416365
6.50517e-07, 0.0430356
6.80511e-07, 0.0440981
7.10505e-07, 0.0448054
7.40498e-07, 0.0451507
7.70492e-07, 0.0451381
8.00486e-07, 0.0447802
8.3048e-07, 0.0440965
8.60473e-07, 0.0431107
8.90467e-07, 0.0418487
9.20461e-07, 0.0403362
9.50455e-07, 0.0385977
9.80448e-07, 0.0366557
1.01044e-06, 0.034531
1.04044e-06, 0.0322446
1.07043e-06, 0.0298214
1.10042e-06, 0.0272957
1.13042e-06, 0.0247196
1.16041e-06, 0.0221761
1.1904e-06, 0.0197964
1.2204e-06, 0.0177807
1.25039e-06, 0.0164026
1.28039e-06, 0.0159514
1.31038e-06, 0.0165895
1.34037e-06, 0.0182422
1.37037e-06, 0.0206615
1.40036e-06, 0.0235683
1.43035e-06, 0.0267305
1.46035e-06, 0.0299738
1.49034e-06, 0.0331694
1.52034e-06, 0.0362221
1.55033e-06, 0.0390609
1.58032e-06, 0.0416346
1.61032e-06, 0.0439085
1.64031e-06, 0.0458624
1.6703e-06, 0.047489
1.7003e-06, 0.0487924
1.73029e-06, 0.0497866
1.76029e-06, 0.0504936
1.79028e-06, 0.0509417
1.82027e-06, 0.051164
1.85027e-06, 0.051196
1.88026e-06, 0.0510749
1.91025e-06, 0.0508376
1.94025e-06, 0.0505198
1.97024e-06, 0.0501551
2.00024e-06, 0.0497741
2.03023e-06, 0.0494036
2.06022e-06, 0.0490659
2.09022e-06, 0.0487777
2.12021e-06, 0.0485491
2.1502e-06, 0.0483828
2.1802e-06, 0.0482736
2.21019e-06, 0.048208
2.24019e-06, 0.0481648
2.27018e-06, 0.0481164
2.30017e-06, 0.0480304
2.33017e-06, 0.0478721
2.36016e-06, 0.0476068
2.39015e-06, 0.0472027
2.42015e-06, 0.0466328
2.45014e-06, 0.0458779
2.48014e-06, 0.0449278
2.51013e-06, 0.0437831
2.54012e-06, 0.0424568
2.57012e-06, 0.040975
2.60011e-06, 0.0393786
2.6301e-06, 0.0377245
2.6601e-06, 0.0360866
2.69009e-06, 0.0345572
2.72009e-06, 0.0332455
2.75008e-06, 0.0322726
2.78007e-06, 0.0317606
2.81007e-06, 0.0318146
2.84006e-06, 0.0325028
2.87005e-06, 0.0338421
2.90005e-06, 0.0357975
2.93004e-06, 0.0382934
2.96004e-06, 0.0412298
2.99003e-06, 0.0444973
3.02002e-06, 0.0479856
3.05002e-06, 0.0515884
3.08001e-06, 0.0552045
3.11e-06, 0.0587388
3.14e-06, 0.0621023
3.16999e-06, 0.0652125
3.19999e-06, 0.0679946
3.22998e-06, 0.0703821
3.25997e-06, 0.0723181
3.28997e-06, 0.0737563
3.31996e-06, 0.074662
3.34995e-06, 0.0750122
3.37995e-06, 0.0747961
3.40994e-06, 0.0740141
3.43994e-06, 0.0726771
3.46993e-06, 0.0708056
3.49992e-06, 0.0684272
3.52992e-06, 0.0655755
3.55991e-06, 0.062288
3.5899e-06, 0.0586053
3.6199e-06, 0.0545696
3.64989e-06, 0.050226
3.67989e-06, 0.0456244
3.70988e-06, 0.0408254
3.73987e-06, 0.0359102
3.76987e-06, 0.0310018
3.79986e-06, 0.0263048
3.82985e-06, 0.0221784
3.85985e-06, 0.0192308
3.88984e-06, 0.0182558
3.91984e-06, 0.0196918
3.94983e-06, 0.0231569
3.97982e-06, 0.0279008
4.00982e-06, 0.0333237
4.03981e-06, 0.0390433
4.0698e-06, 0.0448141
4.0998e-06, 0.0504647
4.12979e-06, 0.0558653
4.15979e-06, 0.0609126
4.18978e-06, 0.0655229
4.21977e-06, 0.0696291
4.24977e-06, 0.0731802
4.27976e-06, 0.0761403
4.30975e-06, 0.0784887
4.33975e-06, 0.0802187
4.36974e-06, 0.0813371
4.39974e-06, 0.0818626
4.42973e-06, 0.0818237
4.45972e-06, 0.0812571
4.48972e-06, 0.0802052
4.51971e-06, 0.0787143
4.5497e-06, 0.0768324
4.5797e-06, 0.0746084
4.60969e-06, 0.0720915
4.63969e-06, 0.0693307
4.66968e-06, 0.0663765
4.69967e-06, 0.063282
4.72967e-06, 0.0601056
4.75966e-06, 0.0569136
4.78965e-06, 0.053783
4.81965e-06, 0.0508028
4.84964e-06, 0.0480746
4.87964e-06, 0.0457088
4.90963e-06, 0.0438162
4.93962e-06, 0.0424934
4.96962e-06, 0.0418052
4.99961e-06, 0.0417686
5.0296e-06, 0.0423468
5.0596e-06, 0.0434556
5.08959e-06, 0.0449806
5.11959e-06, 0.0467963
5.14958e-06, 0.0487825
5.17957e-06, 0.0508343
5.20957e-06, 0.0528666
5.23956e-06, 0.0548156
5.26955e-06, 0.0566377
5.29955e-06, 0.0583071
5.32954e-06, 0.0598136
5.35954e-06, 0.06116
5.38953e-06, 0.0623588
5.41952e-06, 0.0634304
5.44952e-06, 0.0643998
5.47951e-06, 0.0652947
5.5095e-06, 0.0661425
5.5395e-06, 0.0669685
5.56949e-06, 0.0677943
5.59949e-06, 0.0686351
5.62948e-06, 0.0694993
5.65947e-06, 0.070387
5.68947e-06, 0.0712899
5.71946e-06, 0.072191
5.74945e-06, 0.0730654
5.77945e-06, 0.0738815
5.80944e-06, 0.0746026
5.83944e-06, 0.0751885
5.86943e-06, 0.0755985
5.89942e-06, 0.0757924
5.92942e-06, 0.0757343
5.95941e-06, 0.0753935
5.9894e-06, 0.0747471
6.0194e-06, 0.0737815
6.04939e-06, 0.0724939
6.07939e-06, 0.0708936
6.10938e-06, 0.0690024
6.13937e-06, 0.0668561
6.16937e-06, 0.0645051
6.19936e-06, 0.0620153
6.22935e-06, 0.0594691
6.25935e-06, 0.0569665
6.28934e-06, 0.0546247
6.31934e-06, 0.0525769
6.34933e-06, 0.0509656
6.37932e-06, 0.0499318
6.40932e-06, 0.0495969
6.43931e-06, 0.0500435
6.4693e-06, 0.0512987
6.4993e-06, 0.0533299
6.52929e-06, 0.0560525
6.55929e-06, 0.0593455
6.58928e-06, 0.063069
6.61927e-06, 0.0670769
6.64927e-06, 0.071226
6.67926e-06, 0.0753794
6.70925e-06, 0.07941
6.73925e-06, 0.0832007
6.76924e-06, 0.0866453
6.79924e-06, 0.0896499
6.82923e-06, 0.0921333
6.85922e-06, 0.0940283
6.88922e-06, 0.0952826
6.91921e-06, 0.0958592
6.9492e-06, 0.0957372
6.9792e-06, 0.0949119
7.00919e-06, 0.0933937
7.03919e-06, 0.0912083
7.06918e-06, 0.0883953
7.09917e-06, 0.0850074
7.12917e-06, 0.0811091
7.15916e-06, 0.076777
7.18915e-06, 0.0720998
7.21915e-06, 0.0671808
7.24914e-06, 0.0621418
7.27914e-06, 0.0571303
7.30913e-06, 0.0523295
7.33912e-06, 0.0479693
7.36912e-06, 0.0443329
7.39911e-06, 0.0417409
7.4291e-06, 0.0404953
7.4591e-06, 0.0407829
7.48909e-06, 0.0425945
7.51909e-06, 0.04573
7.54908e-06, 0.0498833
7.57907e-06, 0.0547327
7.60907e-06, 0.0599916
7.63906e-06, 0.0654213
7.66905e-06, 0.0708276
7.69905e-06, 0.0760513
7.72904e-06, 0.0809619
7.75904e-06, 0.0854521
7.78903e-06, 0.0894347
7.81902e-06, 0.0928409
7.84902e-06, 0.0956194
7.87901e-06, 0.0977351
7.909e-06, 0.0991685
7.939e-06, 0.099915
7.96899e-06, 0.0999834
7.99899e-06, 0.0993945
8.02898e-06, 0.0981797
8.05897e-06, 0.0963794
8.08897e-06, 0.0940418
8.11896e-06, 0.0912216
8.14895e-06, 0.0879795
8.17895e-06, 0.0843826
8.20894e-06, 0.0805055
8.23894e-06, 0.0764322
8.26893e-06, 0.0722589
8.29892e-06, 0.068098
8.32892e-06, 0.0640816
8.35891e-06, 0.0603637
8.3889e-06, 0.0571188
8.4189e-06, 0.054532
8.44889e-06, 0.0527785
8.47889e-06, 0.0519914
8.50888e-06, 0.0522292
8.53887e-06, 0.0534576
8.56887e-06, 0.0555568
8.59886e-06, 0.0583504
8.62885e-06, 0.0616398
8.65885e-06, 0.0652315
8.68884e-06, 0.0689529
8.71884e-06, 0.072659
8.74883e-06, 0.0762332
8.77882e-06, 0.0795857
8.80882e-06, 0.0826509
8.83881e-06, 0.0853843
8.8688e-06, 0.0877601
8.8988e-06, 0.0897683
8.92879e-06, 0.0914125
8.95879e-06, 0.092707
8.98878e-06, 0.0936751
9.01877e-06, 0.0943461
9.04877e-06, 0.094754
9.07876e-06, 0.094935
9.10875e-06, 0.094926
9.13875e-06, 0.094763
9.16874e-06, 0.0944791
9.19874e-06, 0.0941041
9.22873e-06, 0.0936626
9.25872e-06, 0.0931732
9.28872e-06, 0.0926483
9.31871e-06, 0.092093
9.3487e-06, 0.0915055
9.3787e-06, 0.0908779
9.40869e-06, 0.0901961
9.43868e-06, 0.0894424
9.46868e-06, 0.0885964
9.49867e-06, 0.0876379
9.52867e-06, 0.0865489
9.55866e-06, 0.0853159
9.58865e-06, 0.0839332
9.61865e-06, 0.082404
9.64864e-06, 0.0807433
9.67863e-06, 0.0789792
9.70863e-06, 0.0771538
9.73862e-06, 0.0753242
9.76862e-06, 0.0735614
9.79861e-06, 0.0719492
9.8286e-06, 0.0705805
9.8586e-06, 0.0695525
9.88859e-06, 0.068959
9.91858e-06, 0.0688818
9.94858e-06, 0.0693821
9.97857e-06, 0.0704924
1.00086e-05, 0.0722132
1.00386e-05, 0.0745131
1.00686e-05, 0.0773329
1.00985e-05, 0.0805917
1.01285e-05, 0.0841942
1.01585e-05, 0.0880362
1.01885e-05, 0.0920094
1.02185e-05, 0.0960048
1.02485e-05, 0.0999153
1.02785e-05, 0.103637
1.03085e-05, 0.107072
1.03385e-05, 0.110127
1.03685e-05, 0.112719
1.03985e-05, 0.114772
1.04285e-05, 0.116222
1.04585e-05, 0.117018
1.04885e-05, 0.117121
1.05185e-05, 0.116506
1.05485e-05, 0.115165
1.05784e-05, 0.113104
1.06084e-05, 0.110347
1.06384e-05, 0.106931
1.06684e-05, 0.102912
1.06984e-05, 0.0983624
1.07284e-05, 0.0933738
1.07584e-05, 0.0880576
1.07884e-05, 0.0825498
1.08184e-05, 0.0770159
1.08484e-05, 0.0716571
1.08784e-05, 0.0667158
1.09084e-05, 0.0624753
1.09384e-05, 0.0592444
1.09684e-05, 0.0573159
1.09984e-05, 0.0568998
1.10284e-05, 0.0580576
1.10583e-05, 0.0606809
1.10883e-05, 0.0645294
1.11183e-05, 0.0693006
1.11483e-05, 0.0746896
1.11783e-05, 0.0804211
1.12083e-05, 0.0862602
1.12383e-05, 0.0920107
1.12683e-05, 0.0975102
1.12983e-05, 0.102625
1.13283e-05, 0.107245
1.13583e-05, 0.111281
1.13883e-05, 0.114667
1.14183e-05, 0.11735
1.14483e-05, 0.119296
1.14783e-05, 0.12049
1.15083e-05, 0.120929
1.15382e-05, 0.120625
1.15682e-05, 0.119604
1.15982e-05, 0.117907
1.16282e-05, 0.115583
1.16582e-05, 0.112694
1.16882e-05, 0.109313
1.17182e-05, 0.105524
1.17482e-05, 0.101423
1.17782e-05, 0.0971186
1.18082e-05, 0.0927339
1.18382e-05, 0.0884075
1.18682e-05, 0.0842938
1.18982e-05, 0.0805607
1.19282e-05, 0.0773823
1.19582e-05, 0.0749258
1.19882e-05, 0.0733322
1.20181e-05, 0.0726935
1.20481e-05, 0.0730344
1.20781e-05, 0.0743045
1.21081e-05, 0.076388
1.21381e-05, 0.0791223
1.21681e-05, 0.0823222
1.21981e-05, 0.0858007
1.22281e-05, 0.0893828
1.22581e-05, 0.0929141
1.22881e-05, 0.0962642
1.23181e-05, 0.099328
1.23481e-05, 0.102025
1.23781e-05, 0.104297
1.24081e-05, 0.106108
1.24381e-05, 0.107442
1.24681e-05, 0.108302
1.2498e-05, 0.108704
1.2528e-05, 0.108681
1.2558e-05, 0.108277
1.2588e-05, 0.107547
1.2618e-05, 0.106554
1.2648e-05, 0.105366
1.2678e-05, 0.104058
1.2708e-05, 0.102703
1.2738e-05, 0.101376
1.2768e-05, 0.100146
1.2798e-05, 0.0990755
1.2828e-05, 0.098216
1.2858e-05, 0.0976051
1.2888e-05, 0.0972641
1.2918e-05, 0.0971962
1.2948e-05, 0.0973865
1.29779e-05, 0.0978033
1.30079e-05, 0.0984004
1.30379e-05, 0.099121
1.30679e-05, 0.0999022
1.30979e-05, 0.100678
1.31279e-05, 0.101387
1.31579e-05, 0.10197
1.31879e-05, 0.102379
1.32179e-05, 0.102577
1.32479e-05, 0.102539
1.32779e-05, 0.102256
1.33079e-05, 0.101732
1.33379e-05, 0.100987
1.33679e-05, 0.100054
1.33979e-05, 0.0989809
1.34279e-05, 0.0978272
1.34578e-05, 0.0966623
1.34878e-05, 0.0955629
1.35178e-05, 0.094609
1.35478e-05, 0.0938791
1.35778e-05, 0.0934454
1.36078e-05, 0.0933679
1.36378e-05, 0.0936886
1.36678e-05, 0.0944279
1.36978e-05, 0.095582
1.37278e-05, 0.0971224
1.37578e-05, 0.0989984
1.37878e-05, 0.101141
1.38178e-05, 0.103466
1.38478e-05, 0.105883
1.38778e-05, 0.108295
1.39078e-05, 0.110609
1.39377e-05, 0.112734
1.39677e-05, 0.114586
1.39977e-05, 0.116095
1.40277e-05, 0.117198
1.40577e-05, 0.117847
1.40877e-05, 0.118011
1.41177e-05, 0.117671
1.41477e-05, 0.116824
1.41777e-05, 0.115486
1.42077e-05, 0.113686
1.42377e-05, 0.111471
1.42677e-05, 0.108906
1.42977e-05, 0.10607
1.43277e-05, 0.103059
1.43577e-05, 0.0999849
1.43877e-05, 0.0969742
1.44176e-05, 0.0941635
1.44476e-05, 0.0916953
1.44776e-05, 0.08971
1.45076e-05, 0.0883344
1.45376e-05, 0.0876687
1.45676e-05, 0.0877738
1.45976e-05, 0.0886626
1.46276e-05, 0.0902973
1.46576e-05, 0.0925947
1.46876e-05, 0.0954359
1.47176e-05, 0.0986794
1.47476e-05, 0.102173
1.47776e-05, 0.105765
1.48076e-05, 0.10931
1.48376e-05, 0.112674
1.48676e-05, 0.115739
1.48975e-05, 0.118402
1.49275e-05, 0.120578
1.49575e-05, 0.122203
1.49875e-05, 0.123226
1.50175e-05, 0.12362
1.50475e-05, 0.123372
1.50775e-05, 0.122489
1.51075e-05, 0.120996
1.51375e-05, 0.118935
1.51675e-05, 0.116364
1.51975e-05, 0.113359
1.52275e-05, 0.110015
1.52575e-05, 0.106439
1.52875e-05, 0.102758
1.53175e-05, 0.0991161
1.53475e-05, 0.0956676
1.53774e-05, 0.0925779
1.54074e-05, 0.0900125
1.54374e-05, 0.088125
1.54674e-05, 0.0870411
1.54974e-05, 0.0868419
1.55274e-05, 0.087551
1.55574e-05, 0.0891302
1.55874e-05, 0.0914851
1.56174e-05, 0.0944784
1.56474e-05, 0.0979466
1.56774e-05, 0.101716
1.57074e-05, 0.105615
1.57374e-05, 0.109482
1.57674e-05, 0.113172
1.57974e-05, 0.116557
1.58274e-05, 0.119529
1.58573e-05, 0.122002
1.58873e-05, 0.123908
1.59173e-05, 0.125199
1.59473e-05, 0.125847
1.59773e-05, 0.125844
1.60073e-05, 0.125199
1.60373e-05, 0.123941
1.60673e-05, 0.122115
1.60973e-05, 0.119782
1.61273e-05, 0.11702
1.61573e-05, 0.113923
1.61873e-05, 0.110598
1.62173e-05, 0.107166
1.62473e-05, 0.103761
1.62773e-05, 0.100524
1.63073e-05, 0.0975986
1.63372e-05, 0.0951271
1.63672e-05, 0.0932356
1.63972e-05, 0.0920251
1.64272e-05, 0.0915587
1.64572e-05, 0.091854
1.64872e-05, 0.0928802
1.65172e-05, 0.0945618
1.65472e-05, 0.0967885
1.65772e-05, 0.0994275
1.66072e-05, 0.102336
1.66372e-05, 0.10537
1.66672e-05, 0.108395
1.66972e-05, 0.11129
1.67272e-05, 0.113948
1.67572e-05, 0.116281
1.67872e-05, 0.11822
1.68171e-05, 0.119715
1.68471e-05, 0.120733
1.68771e-05, 0.121258
1.69071e-05, 0.121294
1.69371e-05, 0.12086
1.69671e-05, 0.119991
1.69971e-05, 0.118736
1.70271e-05, 0.117158
1.70571e-05, 0.115334
1.70871e-05, 0.113348
1.71171e-05, 0.111295
1.71471e-05, 0.109275
1.71771e-05, 0.107391
1.72071e-05, 0.10574
1.72371e-05, 0.104412
1.72671e-05, 0.103483
1.7297e-05, 0.103004
1.7327e-05, 0.103004
1.7357e-05, 0.10348
1.7387e-05, 0.1044
1.7417e-05, 0.10571
1.7447e-05, 0.107329
1.7477e-05, 0.109167
1.7507e-05, 0.111123
1.7537e-05, 0.113096
1.7567e-05, 0.114989
1.7597e-05, 0.116715
1.7627e-05, 0.118196
1.7657e-05, 0.119371
1.7687e-05, 0.120193
1.7717e-05, 0.120632
1.7747e-05, 0.120675
1.77769e-05, 0.120327
1.78069e-05, 0.119609
1.78369e-05, 0.118559
1.78669e-05, 0.117232
1.78969e-05, 0.115694
1.79269e-05, 0.114026
1.79569e-05, 0.112318
1.79869e-05, 0.110666
1.80169e-05, 0.109169
1.80469e-05, 0.107922
1.80769e-05, 0.107012
1.81069e-05, 0.106509
1.81369e-05, 0.10646
1.81669e-05, 0.106887
1.81969e-05, 0.107784
1.82269e-05, 0.109116
1.82568e-05, 0.110821
1.82868e-05, 0.112819
1.83168e-05, 0.115015
1.83468e-05, 0.117306
1.83768e-05, 0.119588
1.84068e-05, 0.121759
1.84368e-05, 0.123724
1.84668e-05, 0.125398
1.84968e-05, 0.126709
1.85268e-05, 0.127599
1.85568e-05, 0.128025
1.85868e-05, 0.12796
1.86168e-05, 0.127397
1.86468e-05, 0.126344
1.86768e-05, 0.124828
1.87068e-05, 0.122895
1.87367e-05, 0.120608
1.87667e-05, 0.11805
1.87967e-05, 0.115319
1.88267e-05, 0.112533
1.88567e-05, 0.109818
1.88867e-05, 0.107313
1.89167e-05, 0.105157
1.89467e-05, 0.103482
1.89767e-05, 0.102404
1.90067e-05, 0.102006
1.90367e-05, 0.102335
1.90667e-05, 0.10339
1.90967e-05, 0.105124
1.91267e-05, 0.107452
1.91567e-05, 0.110255
1.91867e-05, 0.113396
1.92166e-05, 0.11673
1.92466e-05, 0.120109
1.92766e-05, 0.123393
1.93066e-05, 0.126454
1.93366e-05, 0.129176
1.93666e-05, 0.131461
1.93966e-05, 0.133228
1.94266e-05, 0.134413
1.94566e-05, 0.13497
1.94866e-05, 0.134872
1.95166e-05, 0.134112
1.95466e-05, 0.1327
1.95766e-05, 0.130666
1.96066e-05, 0.128059
1.96366e-05, 0.124948
1.96666e-05, 0.121423
1.96965e-05, 0.117592
1.97265e-05, 0.113586
1.97565e-05, 0.109556
1.97865e-05, 0.105668
1.98165e-05, 0.102104
1.98465e-05, 0.0990501
1.98765e-05, 0.0966813
1.99065e-05, 0.0951477
1.99365e-05, 0.0945526
1.99665e-05, 0.0949375
1.99965e-05, 0.096275
2.00265e-05, 0.098472
2.00565e-05, 0.101385
2.00865e-05, 0.104838
2.01165e-05, 0.108641
2.01465e-05, 0.112606
2.01764e-05, 0.116555
2.02064e-05, 0.120329
2.02364e-05, 0.123787
2.02664e-05, 0.126811
2.02964e-05, 0.129304
2.03264e-05, 0.131189
2.03564e-05, 0.132412
2.03864e-05, 0.132934
2.04164e-05, 0.132741
2.04464e-05, 0.131833
2.04764e-05, 0.13023
2.05064e-05, 0.127969
2.05364e-05, 0.125105
2.05664e-05, 0.121709
2.05964e-05, 0.117871
2.06264e-05, 0.113698
2.06563e-05, 0.109315
2.06863e-05, 0.104867
2.07163e-05, 0.100514
2.07463e-05, 0.096436
2.07763e-05, 0.0928185
2.08063e-05, 0.0898482
2.08363e-05, 0.087694
2.08663e-05, 0.0864871
2.08963e-05, 0.0863012
2.09263e-05, 0.0871388
2.09563e-05, 0.0889306
2.09863e-05, 0.0915473
2.10163e-05, 0.0948194
2.10463e-05, 0.0985582
2.10763e-05, 0.102574
2.11063e-05, 0.106687
2.11362e-05, 0.110737
2.11662e-05, 0.11458
2.11962e-05, 0.118099
2.12262e-05, 0.121194
2.12562e-05, 0.123787
2.12862e-05, 0.125819
2.13162e-05, 0.127251
2.13462e-05, 0.128059
2.13762e-05, 0.128238
2.14062e-05, 0.127798
2.14362e-05, 0.126766
2.14662e-05, 0.125181
2.14962e-05, 0.1231
2.15262e-05, 0.120592
2.15562e-05, 0.11774
2.15862e-05, 0.11464
2.16161e-05, 0.1114
2.16461e-05, 0.108137
2.16761e-05, 0.104977
2.17061e-05, 0.102049
2.17361e-05, 0.0994794
2.17661e-05, 0.0973839
2.17961e-05, 0.0958583
2.18261e-05, 0.0949695
2.18561e-05, 0.0947473
2.18861e-05, 0.0951814
2.19161e-05, 0.0962228
2.19461e-05, 0.0977895
2.19761e-05, 0.0997763
2.20061e-05, 0.102065
2.20361e-05, 0.104535
2.20661e-05, 0.107069
2.2096e-05, 0.109562
2.2126e-05, 0.111921
2.2156e-05, 0.114069
2.2186e-05, 0.115948
2.2216e-05, 0.117516
2.2246e-05, 0.118748
2.2276e-05, 0.119633
2.2306e-05, 0.120179
2.2336e-05, 0.120405
2.2366e-05, 0.120344
2.2396e-05, 0.120038
2.2426e-05, 0.11954
2.2456e-05, 0.118908
2.2486e-05, 0.118203
2.2516e-05, 0.11749
2.2546e-05, 0.116828
2.25759e-05, 0.11627
2.26059e-05, 0.115861
2.26359e-05, 0.115634
2.26659e-05, 0.115605
2.26959e-05, 0.115774
2.27259e-05, 0.116127
2.27559e-05, 0.116632
2.27859e-05, 0.117248
2.28159e-05, 0.11792
2.28459e-05, 0.118591
2.28759e-05, 0.119199
2.29059e-05, 0.119684
2.29359e-05, 0.119992
2.29659e-05, 0.120076
2.29959e-05, 0.1199
2.30259e-05, 0.11944
2.30558e-05, 0.118688
2.30858e-05, 0.117649
2.31158e-05, 0.116348
2.31458e-05, 0.114824
2.31758e-05, 0.113134
2.32058e-05, 0.11135
2.32358e-05, 0.109559
2.32658e-05, 0.107858
2.32958e-05, 0.10635
2.33258e-05, 0.105138
2.33558e-05, 0.104318
2.33858e-05, 0.10397
2.34158e-05, 0.10415
2.34458e-05, 0.104885
2.34758e-05, 0.106167
2.35058e-05, 0.107958
2.35357e-05, 0.110187
2.35657e-05, 0.112765
2.35957e-05, 0.115582
2.36257e-05, 0.118524
2.36557e-05, 0.121473
2.36857e-05, 0.124312
2.37157e-05, 0.126932
2.37457e-05, 0.129236
2.37757e-05, 0.131133
2.38057e-05, 0.132547
2.38357e-05, 0.133417
2.38657e-05, 0.133693
2.38957e-05, 0.133342
2.39257e-05, 0.132345
2.39557e-05, 0.1307
2.39857e-05, 0.12842
2.40156e-05, 0.125536
2.40456e-05, 0.122101
2.40756e-05, 0.118183
2.41056e-05, 0.113876
2.41356e-05, 0.109297
2.41656e-05, 0.104587
2.41956e-05, 0.0999164
2.42256e-05, 0.0954829
2.42556e-05, 0.0915054
2.42856e-05, 0.0882147
2.43156e-05, 0.0858326
2.43456e-05, 0.0845428
2.43756e-05, 0.0844597
2.44056e-05, 0.085604
2.44356e-05, 0.0878987
2.44656e-05, 0.0911845
2.44955e-05, 0.0952494
2.45255e-05, 0.0998589
2.45555e-05, 0.104779
2.45855e-05, 0.109794
2.46155e-05, 0.114708
2.46455e-05, 0.119354
2.46755e-05, 0.123588
2.47055e-05, 0.127292
2.47355e-05, 0.130369
2.47655e-05, 0.132742
2.47955e-05, 0.134357
2.48255e-05, 0.135176
2.48555e-05, 0.13518
2.48855e-05, 0.134366
2.49155e-05, 0.13275
2.49455e-05, 0.130362
2.49754e-05, 0.12725
2.50054e-05, 0.123477
2.50354e-05, 0.119125
2.50654e-05, 0.114292
2.50954e-05, 0.109097
2.51254e-05, 0.10368
2.51554e-05, 0.0982038
2.51854e-05, 0.0928584
2.52154e-05, 0.0878577
2.52454e-05, 0.0834365
2.52754e-05, 0.0798365
2.53054e-05, 0.0772818
2.53354e-05, 0.0759442
2.53654e-05, 0.0759078
2.53954e-05, 0.0771475
2.54254e-05, 0.0795344
2.54553e-05, 0.0828636
2.54853e-05, 0.0868928
2.55153e-05, 0.0913749
2.55453e-05, 0.0960792
2.55753e-05, 0.100802
2.56053e-05, 0.10537
2.56353e-05, 0.109636
2.56653e-05, 0.113484
2.56953e-05, 0.116818
2.57253e-05, 0.119565
2.57553e-05, 0.121671
2.57853e-05, 0.123102
2.58153e-05, 0.123839
2.58453e-05, 0.123882
2.58753e-05, 0.123244
2.59053e-05, 0.121956
2.59352e-05, 0.120063
2.59652e-05, 0.117628
2.59952e-05, 0.114725
2.60252e-05, 0.111449
2.60552e-05, 0.107906
2.60852e-05, 0.10422
2.61152e-05, 0.100528
2.61452e-05, 0.0969779
2.61752e-05, 0.0937237
2.62052e-05, 0.0909185
2.62352e-05, 0.0887017
2.62652e-05, 0.0871861
2.62952e-05, 0.0864437
2.63252e-05, 0.0864957
2.63552e-05, 0.087309
2.63852e-05, 0.0888009
2.64151e-05, 0.0908517
2.64451e-05, 0.0933191
2.64751e-05, 0.0960528
2.65051e-05, 0.0989063
2.65351e-05, 0.101745
2.65651e-05, 0.10445
2.65951e-05, 0.106923
2.66251e-05, 0.109084
2.66551e-05, 0.110873
2.66851e-05, 0.112248
2.67151e-05, 0.113187
2.67451e-05, 0.113684
2.67751e-05, 0.113749
2.68051e-05, 0.113408
2.68351e-05, 0.112701
2.68651e-05, 0.111679
2.6895e-05, 0.110407
2.6925e-05, 0.108957
2.6955e-05, 0.107411
2.6985e-05, 0.10585
2.7015e-05, 0.104361
2.7045e-05, 0.103022
2.7075e-05, 0.101906
2.7105e-05, 0.101071
2.7135e-05, 0.100555
2.7165e-05, 0.100378
2.7195e-05, 0.100536
2.7225e-05, 0.101002
2.7255e-05, 0.101732
2.7285e-05, 0.102663
2.7315e-05, 0.103724
2.7345e-05, 0.104838
2.73749e-05, 0.105928
2.74049e-05, 0.106921
2.74349e-05, 0.107751
2.74649e-05, 0.108362
2.74949e-05, 0.108713
2.75249e-05, 0.108774
2.75549e-05, 0.108531
2.75849e-05, 0.107986
2.76149e-05, 0.107156
2.76449e-05, 0.106075
2.76749e-05, 0.104791
2.77049e-05, 0.103366
2.77349e-05, 0.101874
2.77649e-05, 0.1004
2.77949e-05, 0.0990322
2.78249e-05, 0.0978609
2.78548e-05, 0.0969699
2.78848e-05, 0.0964313
2.79148e-05, 0.0962977
2.79448e-05, 0.0965982
2.79748e-05, 0.0973339
2.80048e-05, 0.0984785
2.80348e-05, 0.0999798
2.80648e-05, 0.101765
2.80948e-05, 0.103747
2.81248e-05, 0.105829
2.81548e-05, 0.107912
2.81848e-05, 0.109898
2.82148e-05, 0.111696
2.82448e-05, 0.113221
2.82748e-05, 0.114401
2.83048e-05, 0.115174
2.83347e-05, 0.115493
2.83647e-05, 0.11532
2.83947e-05, 0.114637
2.84247e-05, 0.113437
2.84547e-05, 0.111729
2.84847e-05, 0.10954
2.85147e-05, 0.106913
2.85447e-05, 0.10391
2.85747e-05, 0.100612
2.86047e-05, 0.0971217
2.86347e-05, 0.0935621
2.86647e-05, 0.0900771
2.86947e-05, 0.0868283
2.87247e-05, 0.0839887
2.87547e-05, 0.0817307
2.87847e-05, 0.0802094
2.88146e-05, 0.0795418
2.88446e-05, 0.0797881
2.88746e-05, 0.0809397
2.89046e-05, 0.0829214
2.89346e-05, 0.0856029
2.89646e-05, 0.0888192
2.89946e-05, 0.0923897
2.90246e-05, 0.0961338
2.90546e-05, 0.099882
2.90846e-05, 0.103481
2.91146e-05, 0.106797
2.91446e-05, 0.109717
2.91746e-05, 0.112145
2.92046e-05, 0.114007
2.92346e-05, 0.115245
2.92646e-05, 0.11582
2.92945e-05, 0.115707
2.93245e-05, 0.114899
2.93545e-05, 0.113403
2.93845e-05, 0.111242
2.94145e-05, 0.108454
2.94445e-05, 0.105092
2.94745e-05, 0.101224
2.95045e-05, 0.096938
2.95345e-05, 0.0923373
2.95645e-05, 0.0875478
2.95945e-05, 0.0827185
2.96245e-05, 0.078024
2.96545e-05, 0.0736647
2.96845e-05, 0.0698619
2.97145e-05, 0.066844
2.97445e-05, 0.06482
2.97744e-05, 0.0639431
2.98044e-05, 0.0642751
2.98344e-05, 0.0657693
2.98644e-05, 0.0682818
2.98944e-05, 0.0716045
2.99244e-05, 0.0755041
2.99544e-05, 0.0797512
2.99844e-05, 0.084137
3.00144e-05, 0.0884801
3.00444e-05, 0.0926267
3.00744e-05, 0.0964488
3.01044e-05, 0.0998413
3.01344e-05, 0.10272
3.01644e-05, 0.105018
3.01944e-05, 0.106686
3.02244e-05, 0.10769
3.02543e-05, 0.108013
3.02843e-05, 0.107649
3.03143e-05, 0.10661
3.03443e-05, 0.104922
3.03743e-05, 0.102623
3.04043e-05, 0.0997715
3.04343e-05, 0.0964379
3.04643e-05, 0.0927124
3.04943e-05, 0.0887031
3.05243e-05, 0.0845387
3.05543e-05, 0.0803689
3.05843e-05, 0.0763646
3.06143e-05, 0.0727141
3.06443e-05, 0.0696143
3.06743e-05, 0.0672545
3.07043e-05, 0.0657908
3.07342e-05, 0.0653197
3.07642e-05, 0.0658561
3.07942e-05, 0.0673296
3.08242e-05, 0.0695998
3.08542e-05, 0.0724833
3.08842e-05, 0.0757813
3.09142e-05, 0.0793011
3.09442e-05, 0.0828682
3.09742e-05, 0.0863315
3.10042e-05, 0.0895649
3.10342e-05, 0.0924655
3.10642e-05, 0.0949526
3.10942e-05, 0.0969652
3.11242e-05, 0.0984604
3.11542e-05, 0.0994126
3.11842e-05, 0.0998116
3.12141e-05, 0.0996622
3.12441e-05, 0.0989835
3.12741e-05, 0.0978085
3.13041e-05, 0.0961834
3.13341e-05, 0.0941674
3.13641e-05, 0.0918325
3.13941e-05, 0.0892628
3.14241e-05, 0.0865535
3.14541e-05, 0.0838098
3.14841e-05, 0.081144
3.15141e-05, 0.0786718
3.15441e-05, 0.0765064
3.15741e-05, 0.0747505
3.16041e-05, 0.0734879
3.16341e-05, 0.0727736
3.16641e-05, 0.0726278
3.1694e-05, 0.0730331
3.1724e-05, 0.0739369
3.1754e-05, 0.0752584
3.1784e-05, 0.0768984
3.1814e-05, 0.078749
3.1844e-05, 0.0807017
3.1874e-05, 0.0826543
3.1904e-05, 0.0845147
3.1934e-05, 0.0862032
3.1964e-05, 0.0876539
3.1994e-05, 0.0888154
3.2024e-05, 0.0896502
3.2054e-05, 0.090135
3.2084e-05, 0.0902603
3.2114e-05, 0.0900302
3.2144e-05, 0.0894618
3.21739e-05, 0.088585
3.22039e-05, 0.0874421
3.22339e-05, 0.0860867
3.22639e-05, 0.0845829
3.22939e-05, 0.0830032
3.23239e-05, 0.0814265
3.23539e-05, 0.0799344
3.23839e-05, 0.0786065
3.24139e-05, 0.0775159
3.24439e-05, 0.0767226
3.24739e-05, 0.0762688
3.25039e-05, 0.076174
3.25339e-05, 0.0764337
3.25639e-05, 0.0770194
3.25939e-05, 0.0778819
3.26239e-05, 0.0789562
3.26538e-05, 0.0801676
3.26838e-05, 0.0814369
3.27138e-05, 0.0826856
3.27438e-05, 0.0838404
3.27738e-05, 0.0848354
3.28038e-05, 0.0856145
3.28338e-05, 0.0861329
3.28638e-05, 0.0863572
3.28938e-05, 0.0862664
3.29238e-05, 0.0858519
3.29538e-05, 0.0851173
3.29838e-05, 0.0840791
3.30138e-05, 0.0827659
3.30438e-05, 0.0812188
3.30738e-05, 0.0794909
3.31038e-05, 0.077647
3.31337e-05, 0.0757623
3.31637e-05, 0.0739209
3.31937e-05, 0.0722122
3.32237e-05, 0.0707271
3.32537e-05, 0.0695512
3.32837e-05, 0.068758
3.33137e-05, 0.068401
3.33437e-05, 0.0685069
3.33737e-05, 0.0690726
3.34037e-05, 0.0700646
3.34337e-05, 0.0714232
3.34637e-05, 0.0730686
3.34937e-05, 0.074909
3.35237e-05, 0.076847
3.35537e-05, 0.0787863
3.35837e-05, 0.0806359
3.36136e-05, 0.0823132
3.36436e-05, 0.0837461
3.36736e-05, 0.084874
3.37036e-05, 0.0856487
3.37336e-05, 0.0860346
3.37636e-05, 0.0860092
3.37936e-05, 0.0855632
3.38236e-05, 0.0847004
3.38536e-05, 0.0834386
3.38836e-05, 0.0818092
3.39136e-05, 0.079858
3.39436e-05, 0.0776458
3.39736e-05, 0.0752478
3.40036e-05, 0.0727547
3.40336e-05, 0.070271
3.40636e-05, 0.0679132
3.40935e-05, 0.0658052
3.41235e-05, 0.0640708
3.41535e-05, 0.0628228
3.41835e-05, 0.0621504
3.42135e-05, 0.0621056
3.42435e-05, 0.0626955
3.42735e-05, 0.0638802
3.43035e-05, 0.0655798
3.43335e-05, 0.0676857
3.43635e-05, 0.0700734
3.43935e-05, 0.0726148
3.44235e-05, 0.0751858
3.44535e-05, 0.0776725
3.44835e-05, 0.0799734
3.45135e-05, 0.0820007
3.45435e-05, 0.0836813
3.45734e-05, 0.0849559
3.46034e-05, 0.0857796
3.46334e-05, 0.0861208
3.46634e-05, 0.085962
3.46934e-05, 0.0852991
3.47234e-05, 0.0841422
3.47534e-05, 0.0825153
3.47834e-05, 0.0804572
3.48134e-05, 0.078022
3.48434e-05, 0.0752804
3.48734e-05, 0.0723198
3.49034e-05, 0.069246
3.49334e-05, 0.0661828
3.49634e-05, 0.063271
3.49934e-05, 0.0606638
3.50234e-05, 0.0585177
3.50533e-05, 0.0569779
3.50833e-05, 0.056158
3.51133e-05, 0.0561206
3.51433e-05, 0.0568639
3.51733e-05, 0.0583227
3.52033e-05, 0.060382
3.52333e-05, 0.0628965
3.52633e-05, 0.0657113
3.52933e-05, 0.0686759
3.53233e-05, 0.0716528
3.53533e-05, 0.0745212
3.53833e-05, 0.077178
3.54133e-05, 0.0795369
3.54433e-05, 0.0815272
3.54733e-05, 0.0830925
3.55033e-05, 0.0841894
3.55332e-05, 0.0847868
3.55632e-05, 0.0848651
3.55932e-05, 0.084416
3.56232e-05, 0.0834424
3.56532e-05, 0.0819588
3.56832e-05, 0.0799915
3.57132e-05, 0.0775801
3.57432e-05, 0.074778
3.57732e-05, 0.0716547
3.58032e-05, 0.0682974
3.58332e-05, 0.0648138
3.58632e-05, 0.061334
3.58932e-05, 0.0580114
3.59232e-05, 0.0550208
3.59532e-05, 0.0525495
3.59832e-05, 0.0507786
3.60131e-05, 0.0498544
3.60431e-05, 0.0498564
3.60731e-05, 0.0507763
3.61031e-05, 0.0525193
3.61331e-05, 0.0549274
3.61631e-05, 0.0578123
3.61931e-05, 0.0609828
3.62231e-05, 0.0642622
3.62531e-05, 0.0674964
3.62831e-05, 0.0705556
3.63131e-05, 0.073333
3.63431e-05, 0.0757429
3.63731e-05, 0.0777183
3.64031e-05, 0.0792086
3.64331e-05, 0.0801786
3.64631e-05, 0.0806064
3.6493e-05, 0.0804829
3.6523e-05, 0.079811
3.6553e-05, 0.0786047
3.6583e-05, 0.0768888
3.6613e-05, 0.0746993
3.6643e-05, 0.0720828
3.6673e-05, 0.0690977
3.6703e-05, 0.0658149
3.6733e-05, 0.0623191
3.6763e-05, 0.0587111
3.6793e-05, 0.05511
3.6823e-05, 0.0516547
3.6853e-05, 0.0485039
3.6883e-05, 0.0458306
3.6913e-05, 0.0438076
3.6943e-05, 0.0425824
3.69729e-05, 0.0422438
3.70029e-05, 0.0427975
3.70329e-05, 0.0441624
3.70629e-05, 0.0461924
3.70929e-05, 0.0487096
3.71229e-05, 0.0515338
3.71529e-05, 0.0545005
3.71829e-05, 0.057468
3.72129e-05, 0.0603184
3.72429e-05, 0.0629557
3.72729e-05, 0.0653028
3.73029e-05, 0.0672992
3.73329e-05, 0.0688987
3.73629e-05, 0.0700682
3.73929e-05, 0.0707861
3.74229e-05, 0.0710418
3.74528e-05, 0.0708355
3.74828e-05, 0.0701777
3.75128e-05, 0.0690893
3.75428e-05, 0.0676021
3.75728e-05, 0.0657591
3.76028e-05, 0.0636151
3.76328e-05, 0.0612373
3.76628e-05, 0.0587067
3.76928e-05, 0.0561186
3.77228e-05, 0.0535821
3.77528e-05, 0.051219
3.77828e-05, 0.0491586
3.78128e-05, 0.0475287
3.78428e-05, 0.0464414
3.78728e-05, 0.0459759
3.79028e-05, 0.0461638
3.79327e-05, 0.0469813
3.79627e-05, 0.0483552
3.79927e-05, 0.0501769
3.80227e-05, 0.0523196
3.80527e-05, 0.054654
3.80827e-05, 0.0570586
3.81127e-05, 0.0594251
3.81427e-05, 0.0616607
3.81727e-05, 0.0636884
3.82027e-05, 0.0654462
3.82327e-05, 0.0668866
3.82627e-05, 0.0679754
3.82927e-05, 0.0686911
3.83227e-05, 0.0690245
3.83527e-05, 0.0689783
3.83827e-05, 0.0685664
3.84126e-05, 0.0678146
3.84426e-05, 0.0667594
3.84726e-05, 0.0654487
3.85026e-05, 0.0639409
3.85326e-05, 0.0623044
3.85626e-05, 0.0606163
3.85926e-05, 0.0589601
3.86226e-05, 0.0574227
3.86526e-05, 0.0560891
3.86826e-05, 0.0550362
3.87126e-05, 0.0543259
3.87426e-05, 0.0539976
3.87726e-05, 0.0540637
3.88026e-05, 0.0545079
3.88326e-05, 0.0552873
3.88626e-05, 0.0563386
3.88925e-05, 0.0575848
3.89225e-05, 0.0589429
3.89525e-05, 0.0603301
3.89825e-05, 0.0616685
3.90125e-05, 0.062888
3.90425e-05, 0.0639286
3.90725e-05, 0.0647409
3.91025e-05, 0.0652868
3.91325e-05, 0.0655397
3.91625e-05, 0.0654843
3.91925e-05, 0.0651168
3.92225e-05, 0.064445
3.92525e-05, 0.0634881
3.92825e-05, 0.0622772
3.93125e-05, 0.0608545
3.93425e-05, 0.059274
3.93724e-05, 0.0576004
3.94024e-05, 0.0559078
3.94324e-05, 0.054278
3.94624e-05, 0.0527958
3.94924e-05, 0.0515444
3.95224e-05, 0.0505976
3.95524e-05, 0.0500118
3.95824e-05, 0.0498186
3.96124e-05, 0.0500201
3.96424e-05, 0.0505881
3.96724e-05, 0.0514684
3.97024e-05, 0.0525876
3.97324e-05, 0.0538616
3.97624e-05, 0.0552029
3.97924e-05, 0.0565272
3.98224e-05, 0.0577569
3.98523e-05, 0.058824
3.98823e-05, 0.0596712
3.99123e-05, 0.0602521
3.99423e-05, 0.0605314
3.99723e-05, 0.0604843
4.00023e-05, 0.0600962
4.00323e-05, 0.0593624
4.00623e-05, 0.0582877
4.00923e-05, 0.0568864
4.01223e-05, 0.0551825
4.01523e-05, 0.0532102
4.01823e-05, 0.0510147
4.02123e-05, 0.0486539
4.02423e-05, 0.0461996
4.02723e-05, 0.0437398
4.03023e-05, 0.04138
4.03322e-05, 0.0392428
4.03622e-05, 0.0374629
4.03922e-05, 0.0361759
4.04222e-05, 0.0354975
4.04522e-05, 0.0354992
4.04822e-05, 0.0361897
4.05122e-05, 0.0375112
4.05422e-05, 0.0393546
4.05722e-05, 0.041583
4.06022e-05, 0.0440527
4.06322e-05, 0.0466276
4.06622e-05, 0.0491858
4.06922e-05, 0.0516216
4.07222e-05, 0.053845
4.07522e-05, 0.0557808
4.07822e-05, 0.0573672
4.08121e-05, 0.0585551
4.08421e-05, 0.0593069
4.08721e-05, 0.0595964
4.09021e-05, 0.0594083
4.09321e-05, 0.0587381
4.09621e-05, 0.0575914
4.09921e-05, 0.0559847
4.10221e-05, 0.0539446
4.10521e-05, 0.0515083
4.10821e-05, 0.048724
4.11121e-05, 0.045652
4.11421e-05, 0.0423663
4.11721e-05, 0.0389577
4.12021e-05, 0.0355384
4.12321e-05, 0.0322489
4.12621e-05, 0.0292646
4.1292e-05, 0.0267979
4.1322e-05, 0.0250813
4.1352e-05, 0.0243151
4.1382e-05, 0.0245903
4.1412e-05, 0.0258419
4.1442e-05, 0.0278821
4.1472e-05, 0.0304795
4.1502e-05, 0.0334214
4.1532e-05, 0.0365374
4.1562e-05, 0.0396978
4.1592e-05, 0.0428052
4.1622e-05, 0.0457854
4.1652e-05, 0.0485798
4.1682e-05, 0.051141
4.1712e-05, 0.0534286
4.1742e-05, 0.0554077
4.17719e-05, 0.0570474
4.18019e-05, 0.05832
4.18319e-05, 0.0592013
4.18619e-05, 0.0596708
4.18919e-05, 0.0597124
4.19219e-05, 0.0593154
4.19519e-05, 0.0584758
4.19819e-05, 0.0571974
4.20119e-05, 0.0554937
4.20419e-05, 0.0533899
4.20719e-05, 0.0509253
4.21019e-05, 0.0481563
4.21319e-05, 0.0451611
4.21619e-05, 0.0420445
4.21919e-05, 0.0389457
4.22219e-05, 0.0360448
4.22518e-05, 0.0335651
4.22818e-05, 0.0317595
4.23118e-05, 0.0308675
4.23418e-05, 0.031043
4.23718e-05, 0.0322936
4.24018e-05, 0.0344792
4.24318e-05, 0.0373725
4.24618e-05, 0.0407286
4.24918e-05, 0.0443263
4.25218e-05, 0.0479819
4.25518e-05, 0.0515484
4.25818e-05, 0.0549087
4.26118e-05, 0.0579705
4.26418e-05, 0.0606612
4.26718e-05, 0.0629244
4.27018e-05, 0.0647177
4.27317e-05, 0.0660113
4.27617e-05, 0.0667863
4.27917e-05, 0.0670345
4.28217e-05, 0.0667572
4.28517e-05, 0.0659651
4.28817e-05, 0.0646782
4.29117e-05, 0.062925
4.29417e-05, 0.0607432
4.29717e-05, 0.0581796
4.30017e-05, 0.0552904
4.30317e-05, 0.0521425
4.30617e-05, 0.0488145
4.30917e-05, 0.0453988
4.31217e-05, 0.0420036
4.31517e-05, 0.0387556
4.31817e-05, 0.0357999
4.32116e-05, 0.0332957
4.32416e-05, 0.031401
4.32716e-05, 0.030244
4.33016e-05, 0.0298868
4.33316e-05, 0.0303001
4.33616e-05, 0.0313693
4.33916e-05, 0.0329285
4.34216e-05, 0.0347999
4.34516e-05, 0.0368211
4.34816e-05, 0.038857
4.35116e-05, 0.0408012
4.35416e-05, 0.0425728
4.35716e-05, 0.0441127
4.36016e-05, 0.0453789
4.36316e-05, 0.0463441
4.36616e-05, 0.0469927
4.36915e-05, 0.0473192
4.37215e-05, 0.0473263
4.37515e-05, 0.0470238
4.37815e-05, 0.0464276
4.38115e-05, 0.0455586
4.38415e-05, 0.0444421
4.38715e-05, 0.0431069
4.39015e-05, 0.0415851
4.39315e-05, 0.0399111
4.39615e-05, 0.0381218
4.39915e-05, 0.0362556
4.40215e-05, 0.0343529
4.40515e-05, 0.0324554
4.40815e-05, 0.0306059
4.41115e-05, 0.0288479
4.41415e-05, 0.0272245
4.41714e-05, 0.0257769
4.42014e-05, 0.0245425
4.42314e-05, 0.0235507
4.42614e-05, 0.0228205
4.42914e-05, 0.022357
4.43214e-05, 0.0221499
4.43514e-05, 0.0221753
4.43814e-05, 0.0223987
4.44114e-05, 0.0227796
4.44414e-05, 0.0232763
4.44714e-05, 0.0238488
4.45014e-05, 0.0244617
4.45314e-05, 0.0250847
4.45614e-05, 0.025693
4.45914e-05, 0.0262669
4.46214e-05, 0.0267913
4.46513e-05, 0.0272554
4.46813e-05, 0.0276513
4.47113e-05, 0.0279743
4.47413e-05, 0.0282221
4.47713e-05, 0.0283944
4.48013e-05, 0.0284924
4.48313e-05, 0.028519
4.48613e-05, 0.028478
4.48913e-05, 0.0283743
4.49213e-05, 0.0282136
4.49513e-05, 0.0280023
4.49813e-05, 0.0277473
4.50113e-05, 0.0274557
4.50413e-05, 0.0271352
4.50713e-05, 0.0267936
4.51013e-05, 0.0264387
4.51312e-05, 0.0260785
4.51612e-05, 0.0257207
4.51912e-05, 0.0253729
4.52212e-05, 0.0250425
4.52512e-05, 0.0247361
4.52812e-05, 0.0244603
4.53112e-05, 0.0242204
4.53412e-05, 0.0240215
4.53712e-05, 0.0238675
4.54012e-05, 0.0237615
4.54312e-05, 0.0237055
4.54612e-05, 0.0237004
4.54912e-05, 0.0237463
4.55212e-05, 0.0238423
4.55512e-05, 0.0239864
4.55812e-05, 0.0241763
4.56111e-05, 0.0244084
4.56411e-05, 0.0246792
4.56711e-05, 0.0249843
4.57011e-05, 0.0253193
4.57311e-05, 0.0256795
4.57611e-05, 0.0260602
4.57911e-05, 0.0264564
4.58211e-05, 0.0268635
4.58511e-05, 0.0272769
4.58811e-05, 0.0276918
4.59111e-05, 0.0281039
4.59411e-05, 0.0285089
4.59711e-05, 0.0289027
4.60011e-05, 0.0292815
4.60311e-05, 0.0296415
4.60611e-05, 0.0299791
4.6091e-05, 0.0302912
4.6121e-05, 0.0305745
4.6151e-05, 0.0308261
4.6181e-05, 0.0310435
4.6211e-05, 0.0312241
4.6241e-05, 0.0313659
4.6271e-05, 0.0314668
4.6301e-05, 0.0315252
4.6331e-05, 0.0315397
4.6361e-05, 0.0315092
4.6391e-05, 0.0314328
4.6421e-05, 0.0313101
4.6451e-05, 0.0311407
4.6481e-05, 0.0309247
4.6511e-05, 0.0306625
4.6541e-05, 0.0303548
4.65709e-05, 0.0300026
4.66009e-05, 0.029607
4.66309e-05, 0.0291697
4.66609e-05, 0.0286925
4.66909e-05, 0.0281778
4.67209e-05, 0.0276278
4.67509e-05, 0.0270455
4.67809e-05, 0.0264338
4.68109e-05, 0.0257962
4.68409e-05, 0.0251362
4.68709e-05, 0.0244578
4.69009e-05, 0.0237654
4.69309e-05, 0.0230632
4.69609e-05, 0.022356
4.69909e-05, 0.021649
4.70209e-05, 0.0209472
4.70508e-05, 0.0202562
4.70808e-05, 0.0195814
4.71108e-05, 0.0189286
4.71408e-05, 0.0183035
4.71708e-05, 0.0177118
4.72008e-05, 0.0171587
4.72308e-05, 0.0166495
4.72608e-05, 0.0161887
4.72908e-05, 0.01578
4.73208e-05, 0.0154265
4.73508e-05, 0.01513
4.73808e-05, 0.0148912
4.74108e-05, 0.0147095
4.74408e-05, 0.0145829
4.74708e-05, 0.0145084
4.75008e-05, 0.0144819
4.75307e-05, 0.0144985
4.75607e-05, 0.0145524
4.75907e-05, 0.0146378
4.76207e-05, 0.0147485
4.76507e-05, 0.0148786
4.76807e-05, 0.0150221
4.77107e-05, 0.0151736
4.77407e-05, 0.0153279
4.77707e-05, 0.0154805
4.78007e-05, 0.0156272
4.78307e-05, 0.0157643
4.78607e-05, 0.0158886
4.78907e-05, 0.0159976
4.79207e-05, 0.0160889
4.79507e-05, 0.0161606
4.79807e-05, 0.0162114
4.80106e-05, 0.01624
4.80406e-05, 0.0162457
4.80706e-05, 0.016228
4.81006e-05, 0.0161867
4.81306e-05, 0.0161217
4.81606e-05, 0.0160334
4.81906e-05, 0.015922
4.82206e-05, 0.0157881
4.82506e-05, 0.0156325
4.82806e-05, 0.015456
4.83106e-05, 0.0152594
4.83406e-05, 0.0150439
4.83706e-05, 0.0148104
4.84006e-05, 0.0145602
4.84306e-05, 0.0142943
4.84606e-05, 0.014014
4.84905e-05, 0.0137204
4.85205e-05, 0.0134148
4.85505e-05, 0.0130984
4.85805e-05, 0.0127723
4.86105e-05, 0.0124377
4.86405e-05, 0.0120957
4.86705e-05, 0.0117475
4.87005e-05, 0.0113941
4.87305e-05, 0.0110364
4.87605e-05, 0.0106755
4.87905e-05, 0.0103123
4.88205e-05, 0.00994769
4.88505e-05, 0.00958249
4.88805e-05, 0.00921751
4.89105e-05, 0.00885354
4.89405e-05, 0.00849134
4.89704e-05, 0.00813172
4.90004e-05, 0.00777548
4.90304e-05, 0.00742352
4.90604e-05, 0.00707678
4.90904e-05, 0.00673643
4.91204e-05, 0.00640377
4.91504e-05, 0.0060804
4.91804e-05, 0.00576829
4.92104e-05, 0.0054698
4.92404e-05, 0.00518785
4.92704e-05, 0.00492595
4.93004e-05, 0.00468824
4.93304e-05, 0.00447954
4.93604e-05, 0.00430514
4.93904e-05, 0.00417057
4.94204e-05, 0.00408111
4.94503e-05, 0.00404117
4.94803e-05, 0.00405365
4.95103e-05, 0.00411952
4.95403e-05, 0.00423767
4.95703e-05, 0.00440519
4.96003e-05, 0.00461792
4.96303e-05, 0.00487096
4.96603e-05, 0.00515926
4.96903e-05, 0.00547795
4.97203e-05, 0.00582255
4.97503e-05, 0.0061891
4.97803e-05, 0.00657405
4.98103e-05, 0.00697433
4.98403e-05, 0.00738725
4.98703e-05, 0.00781039
4.99003e-05, 0.00824157
4.99302e-05, 0.00867885
4.99602e-05, 0.00912043
4.99902e-05, 0.00956462
5.00202e-05, 0.0100099
5.00502e-05, 0.0104547
5.00802e-05, 0.0108977
5.01102e-05, 0.0113374
5.01402e-05, 0.0117727
5.01702e-05, 0.0122022
5.02002e-05, 0.0126249
5.02302e-05, 0.0130395
5.02602e-05, 0.0134452
5.02902e-05, 0.0138408
5.03202e-05, 0.0142254
5.03502e-05, 0.0145982
5.03802e-05, 0.0149583
5.04101e-05, 0.015305
5.04401e-05, 0.0156375
5.04701e-05, 0.0159552
5.05001e-05, 0.0162573
5.05301e-05, 0.0165432
5.05601e-05, 0.0168125
5.05901e-05, 0.0170644
5.06201e-05, 0.0172985
5.06501e-05, 0.0175144
5.06801e-05, 0.0177116
5.07101e-05, 0.0178897
5.07401e-05, 0.0180485
5.07701e-05, 0.0181877
5.08001e-05, 0.0183072
5.08301e-05, 0.0184069
5.08601e-05, 0.0184867
5.089e-05, 0.0185469
5.092e-05, 0.0185874
5.095e-05, 0.0186085
5.098e-05, 0.0186105
5.101e-05, 0.0185937
5.104e-05, 0.0185585
5.107e-05, 0.0185052
5.11e-05, 0.0184342


