

x(m), Y
-9.00747e-06, 0.0163985
-8.97748e-06, 0.0171985
-8.94748e-06, 0.0181027
-8.91749e-06, 0.0191031
-8.88749e-06, 0.0201882
-8.8575e-06, 0.0213434
-8.82751e-06, 0.0225505
-8.79751e-06, 0.0237889
-8.76752e-06, 0.0250361
-8.73753e-06, 0.0262686
-8.70753e-06, 0.0274635
-8.67754e-06, 0.0286006
-8.64754e-06, 0.0296634
-8.61755e-06, 0.0306417
-8.58756e-06, 0.0315334
-8.55756e-06, 0.0323452
-8.52757e-06, 0.0330943
-8.49758e-06, 0.0338075
-8.46758e-06, 0.0345198
-8.43759e-06, 0.035272
-8.40759e-06, 0.0361052
-8.3776e-06, 0.0370563
-8.34761e-06, 0.0381521
-8.31761e-06, 0.0394045
-8.28762e-06, 0.0408081
-8.25763e-06, 0.0423405
-8.22763e-06, 0.0439642
-8.19764e-06, 0.0456314
-8.16764e-06, 0.0472887
-8.13765e-06, 0.0488828
-8.10766e-06, 0.0503647
-8.07766e-06, 0.0516942
-8.04767e-06, 0.0528428
-8.01768e-06, 0.0537949
-7.98768e-06, 0.0545494
-7.95769e-06, 0.0551191
-7.92769e-06, 0.055529
-7.8977e-06, 0.0558138
-7.86771e-06, 0.0560144
-7.83771e-06, 0.0561731
-7.80772e-06, 0.0563294
-7.77773e-06, 0.0565152
-7.74773e-06, 0.0567515
-7.71774e-06, 0.0570468
-7.68774e-06, 0.0573966
-7.65775e-06, 0.0577863
-7.62776e-06, 0.0581937
-7.59776e-06, 0.0585937
-7.56777e-06, 0.0589625
-7.53778e-06, 0.0592807
-7.50778e-06, 0.0595364
-7.47779e-06, 0.0597256
-7.44779e-06, 0.0598519
-7.4178e-06, 0.0599245
-7.38781e-06, 0.0599554
-7.35781e-06, 0.0599562
-7.32782e-06, 0.0599336
-7.29783e-06, 0.0598874
-7.26783e-06, 0.0598082
-7.23784e-06, 0.0596772
-7.20784e-06, 0.0594674
-7.17785e-06, 0.0591465
-7.14786e-06, 0.0586808
-7.11786e-06, 0.0580386
-7.08787e-06, 0.0571957
-7.05788e-06, 0.0561382
-7.02788e-06, 0.0548658
-6.99789e-06, 0.053394
-6.96789e-06, 0.0517544
-6.9379e-06, 0.0499943
-6.90791e-06, 0.0481743
-6.87791e-06, 0.0463642
-6.84792e-06, 0.0446363
-6.81793e-06, 0.0430578
-6.78793e-06, 0.0416816
-6.75794e-06, 0.0405376
-6.72794e-06, 0.0396269
-6.69795e-06, 0.0389202
-6.66796e-06, 0.0383622
-6.63796e-06, 0.0378796
-6.60797e-06, 0.0373916
-6.57798e-06, 0.0368198
-6.54798e-06, 0.0360962
-6.51799e-06, 0.0351687
-6.48799e-06, 0.0340036
-6.458e-06, 0.0325874
-6.42801e-06, 0.0309254
-6.39801e-06, 0.0290416
-6.36802e-06, 0.0269769
-6.33803e-06, 0.0247871
-6.30803e-06, 0.0225423
-6.27804e-06, 0.0203249
-6.24804e-06, 0.0182288
-6.21805e-06, 0.0163556
-6.18806e-06, 0.0148066
-6.15806e-06, 0.0136651
-6.12807e-06, 0.0129706
-6.09808e-06, 0.012697
-6.06808e-06, 0.0127553
-6.03809e-06, 0.0130221
-6.00809e-06, 0.0133745
-5.9781e-06, 0.013711
-5.94811e-06, 0.0139583
-5.91811e-06, 0.0140692
-5.88812e-06, 0.0140187
-5.85813e-06, 0.0137995
-5.82813e-06, 0.0134201
-5.79814e-06, 0.0129038
-5.76814e-06, 0.0122888
-5.73815e-06, 0.0116295
-5.70816e-06, 0.010997
-5.67816e-06, 0.0104775
-5.64817e-06, 0.0101611
-5.61818e-06, 0.0101219
-5.58818e-06, 0.0103918
-5.55819e-06, 0.010948
-5.52819e-06, 0.0117227
-5.4982e-06, 0.0126271
-5.46821e-06, 0.0135714
-5.43821e-06, 0.0144772
-5.40822e-06, 0.0152815
-5.37823e-06, 0.0159387
-5.34823e-06, 0.0164209
-5.31824e-06, 0.0167191
-5.28824e-06, 0.0168437
-5.25825e-06, 0.0168258
-5.22826e-06, 0.0167168
-5.19826e-06, 0.0165865
-5.16827e-06, 0.0165161
-5.13828e-06, 0.0165876
-5.10828e-06, 0.0168662
-5.07829e-06, 0.0173853
-5.04829e-06, 0.0181369
-5.0183e-06, 0.0190745
-4.98831e-06, 0.0201249
-4.95831e-06, 0.0212028
-4.92832e-06, 0.0222231
-4.89833e-06, 0.0231094
-4.86833e-06, 0.0237995
-4.83834e-06, 0.0242477
-4.80834e-06, 0.0244272
-4.77835e-06, 0.0243305
-4.74836e-06, 0.0239699
-4.71836e-06, 0.0233777
-4.68837e-06, 0.0226048
-4.65838e-06, 0.0217189
-4.62838e-06, 0.0208012
-4.59839e-06, 0.0199388
-4.56839e-06, 0.0192145
-4.5384e-06, 0.0186932
-4.50841e-06, 0.0184077
-4.47841e-06, 0.0183508
-4.44842e-06, 0.0184781
-4.41843e-06, 0.0187201
-4.38843e-06, 0.018999
-4.35844e-06, 0.0192427
-4.32845e-06, 0.0193952
-4.29845e-06, 0.0194211
-4.26846e-06, 0.0193073
-4.23846e-06, 0.0190623
-4.20847e-06, 0.0187134
-4.17848e-06, 0.0183028
-4.14848e-06, 0.0178821
-4.11849e-06, 0.0175038
-4.0885e-06, 0.0172135
-4.0585e-06, 0.0170405
-4.02851e-06, 0.0169928
-3.99851e-06, 0.0170569
-3.96852e-06, 0.0172027
-3.93853e-06, 0.0173928
-3.90853e-06, 0.0175915
-3.87854e-06, 0.0177733
-3.84855e-06, 0.0179278
-3.81855e-06, 0.0180618
-3.78856e-06, 0.0181979
-3.75856e-06, 0.0183709
-3.72857e-06, 0.0186205
-3.69858e-06, 0.0189824
-3.66858e-06, 0.0194796
-3.63859e-06, 0.0201164
-3.6086e-06, 0.0208767
-3.5786e-06, 0.0217266
-3.54861e-06, 0.0226218
-3.51861e-06, 0.023514
-3.48862e-06, 0.0243584
-3.45863e-06, 0.0251189
-3.42863e-06, 0.0257714
-3.39864e-06, 0.0263055
-3.36865e-06, 0.0267247
-3.33865e-06, 0.0270449
-3.30866e-06, 0.0272909
-3.27866e-06, 0.0274924
-3.24867e-06, 0.0276783
-3.21868e-06, 0.0278708
-3.18868e-06, 0.0280809
-3.15869e-06, 0.0283047
-3.1287e-06, 0.0285237
-3.0987e-06, 0.0287061
-3.06871e-06, 0.0288119
-3.03871e-06, 0.0287978
-3.00872e-06, 0.0286238
-2.97873e-06, 0.0282577
-2.94873e-06, 0.027681
-2.91874e-06, 0.0268918
-2.88875e-06, 0.0259087
-2.85875e-06, 0.0247736
-2.82876e-06, 0.0235529
-2.79876e-06, 0.0223381
-2.76877e-06, 0.0212423
-2.73878e-06, 0.0203895
-2.70878e-06, 0.0198934
-2.67879e-06, 0.0198295
-2.6488e-06, 0.0202097
-2.6188e-06, 0.0209784
-2.58881e-06, 0.0220308
-2.55881e-06, 0.0232412
-2.52882e-06, 0.0244865
-2.49883e-06, 0.0256599
-2.46883e-06, 0.0266757
-2.43884e-06, 0.0274691
-2.40885e-06, 0.027995
-2.37885e-06, 0.0282255
-2.34886e-06, 0.0281476
-2.31886e-06, 0.0277604
-2.28887e-06, 0.0270735
-2.25888e-06, 0.0261051
-2.22888e-06, 0.0248808
-2.19889e-06, 0.0234324
-2.1689e-06, 0.021799
-2.1389e-06, 0.0200279
-2.10891e-06, 0.0181777
-2.07891e-06, 0.0163252
-2.04892e-06, 0.0145729
-2.01893e-06, 0.0130593
-1.98893e-06, 0.0119581
-1.95894e-06, 0.011445
-1.92895e-06, 0.0116177
-1.89895e-06, 0.0124301
-1.86896e-06, 0.0137191
-1.83896e-06, 0.0152897
-1.80897e-06, 0.0169715
-1.77898e-06, 0.018632
-1.74898e-06, 0.0201717
-1.71899e-06, 0.0215161
-1.689e-06, 0.0226111
-1.659e-06, 0.0234195
-1.62901e-06, 0.0239203
-1.59901e-06, 0.0241088
-1.56902e-06, 0.0239969
-1.53903e-06, 0.0236136
-1.50903e-06, 0.0230061
-1.47904e-06, 0.0222403
-1.44905e-06, 0.0213999
-1.41905e-06, 0.0205841
-1.38906e-06, 0.0199005
-1.35906e-06, 0.0194529
-1.32907e-06, 0.019322
-1.29908e-06, 0.019548
-1.26908e-06, 0.0201207
-1.23909e-06, 0.0209862
-1.2091e-06, 0.0220632
-1.1791e-06, 0.0232621
-1.14911e-06, 0.0244981
-1.11911e-06, 0.0256985
-1.08912e-06, 0.0268045
-1.05913e-06, 0.0277701
-1.02913e-06, 0.02856
-9.99139e-07, 0.0291468
-9.69145e-07, 0.0295092
-9.39152e-07, 0.0296288
-9.09158e-07, 0.0294895
-8.79164e-07, 0.0290763
-8.4917e-07, 0.0283748
-8.19177e-07, 0.0273721
-7.89183e-07, 0.0260575
-7.59189e-07, 0.024424
-7.29195e-07, 0.0224697
-6.99202e-07, 0.0201995
-6.69208e-07, 0.0176271
-6.39214e-07, 0.0147765
-6.0922e-07, 0.0116869
-5.79227e-07, 0.00842355
-5.49233e-07, 0.00513891
-5.19239e-07, 0.0026146
-4.89245e-07, 0.00383205
-4.59252e-07, 0.00711699
-4.29258e-07, 0.0106556
-3.99264e-07, 0.0141525
-3.6927e-07, 0.0174982
-3.39277e-07, 0.0206204
-3.09283e-07, 0.0234631
-2.79289e-07, 0.0259817
-2.49295e-07, 0.0281429
-2.19302e-07, 0.0299243
-1.89308e-07, 0.0313146
-1.59314e-07, 0.0323132
-1.2932e-07, 0.0329295
-9.93266e-08, 0.0331814
-6.93329e-08, 0.0330945
-3.93392e-08, 0.0327003
-9.3454e-09, 0.032035
2.06483e-08, 0.0311388
5.06421e-08, 0.0300551
8.06358e-08, 0.0288319
1.1063e-07, 0.0275227
1.40623e-07, 0.0261898
1.70617e-07, 0.0249077
2.00611e-07, 0.0237651
2.30605e-07, 0.022865
2.60598e-07, 0.0223166
2.90592e-07, 0.0222186
3.20586e-07, 0.0226361
3.5058e-07, 0.0235811
3.80573e-07, 0.0250096
4.10567e-07, 0.0268345
4.40561e-07, 0.028946
4.70555e-07, 0.0312296
5.00548e-07, 0.033576
5.30542e-07, 0.0358867
5.60536e-07, 0.0380759
5.9053e-07, 0.0400711
6.20523e-07, 0.0418132
6.50517e-07, 0.0432561
6.80511e-07, 0.0443667
7.10505e-07, 0.0451241
7.40498e-07, 0.0455188
7.70492e-07, 0.0455515
8.00486e-07, 0.0452312
8.3048e-07, 0.044574
8.60473e-07, 0.0436003
8.90467e-07, 0.0423336
9.20461e-07, 0.0407985
9.50455e-07, 0.0390193
9.80448e-07, 0.03702
1.01044e-06, 0.0348244
1.04044e-06, 0.0324584
1.07043e-06, 0.029953
1.10042e-06, 0.0273505
1.13042e-06, 0.0247126
1.16041e-06, 0.0221339
1.1904e-06, 0.01976
1.2204e-06, 0.0178061
1.25039e-06, 0.016553
1.28039e-06, 0.0162745
1.31038e-06, 0.0170909
1.34037e-06, 0.0188882
1.37037e-06, 0.0214069
1.40036e-06, 0.0243756
1.43035e-06, 0.0275749
1.46035e-06, 0.0308407
1.49034e-06, 0.0340522
1.52034e-06, 0.0371191
1.55033e-06, 0.0399742
1.58032e-06, 0.0425685
1.61032e-06, 0.0448683
1.64031e-06, 0.0468531
1.6703e-06, 0.0485145
1.7003e-06, 0.0498548
1.73029e-06, 0.0508852
1.76029e-06, 0.0516246
1.79028e-06, 0.0520982
1.82027e-06, 0.0523359
1.85027e-06, 0.0523705
1.88026e-06, 0.0522369
1.91025e-06, 0.051971
1.94025e-06, 0.0516079
1.97024e-06, 0.0511818
2.00024e-06, 0.0507242
2.03023e-06, 0.0502637
2.06022e-06, 0.0498245
2.09022e-06, 0.0494251
2.12021e-06, 0.0490773
2.1502e-06, 0.0487855
2.1802e-06, 0.0485454
2.21019e-06, 0.0483448
2.24019e-06, 0.0481635
2.27018e-06, 0.0479751
2.30017e-06, 0.0477486
2.33017e-06, 0.0474512
2.36016e-06, 0.0470504
2.39015e-06, 0.046517
2.42015e-06, 0.045827
2.45014e-06, 0.044964
2.48014e-06, 0.0439205
2.51013e-06, 0.0426999
2.54012e-06, 0.041317
2.57012e-06, 0.0397997
2.60011e-06, 0.0381903
2.6301e-06, 0.0365465
2.6601e-06, 0.0349429
2.69009e-06, 0.0334724
2.72009e-06, 0.0322441
2.75008e-06, 0.0313787
2.78007e-06, 0.0309952
2.81007e-06, 0.0311935
2.84006e-06, 0.0320332
2.87005e-06, 0.0335223
2.90005e-06, 0.035618
2.93004e-06, 0.0382395
2.96004e-06, 0.0412848
2.99003e-06, 0.044644
3.02002e-06, 0.0482068
3.05002e-06, 0.0518672
3.08001e-06, 0.0555241
3.11e-06, 0.0590821
3.14e-06, 0.0624516
3.16999e-06, 0.06555
3.19999e-06, 0.0683021
3.22998e-06, 0.0706413
3.25997e-06, 0.072511
3.28997e-06, 0.0738655
3.31996e-06, 0.0746707
3.34995e-06, 0.0749047
3.37995e-06, 0.0745576
3.40994e-06, 0.0736312
3.43994e-06, 0.072138
3.46993e-06, 0.0700999
3.49992e-06, 0.0675467
3.52992e-06, 0.0645143
3.55991e-06, 0.0610432
3.5899e-06, 0.0571775
3.6199e-06, 0.0529645
3.64989e-06, 0.0484553
3.67989e-06, 0.0437085
3.70988e-06, 0.0387963
3.73987e-06, 0.0338183
3.76987e-06, 0.0289274
3.79986e-06, 0.0243814
3.82985e-06, 0.020629
3.85985e-06, 0.0183774
3.88984e-06, 0.0183544
3.91984e-06, 0.0206581
3.94983e-06, 0.0246654
3.97982e-06, 0.0296582
4.00982e-06, 0.0351394
4.03981e-06, 0.0407986
4.0698e-06, 0.0464324
4.0998e-06, 0.0518942
4.12979e-06, 0.0570708
4.15979e-06, 0.061871
4.18978e-06, 0.066221
4.21977e-06, 0.0700617
4.24977e-06, 0.0733489
4.27976e-06, 0.0760524
4.30975e-06, 0.0781555
4.33975e-06, 0.079655
4.36974e-06, 0.0805592
4.39974e-06, 0.0808875
4.42973e-06, 0.0806679
4.45972e-06, 0.0799358
4.48972e-06, 0.0787316
4.51971e-06, 0.0770995
4.5497e-06, 0.0750857
4.5797e-06, 0.0727378
4.60969e-06, 0.0701046
4.63969e-06, 0.0672364
4.66968e-06, 0.0641863
4.69967e-06, 0.0610123
4.72967e-06, 0.0577793
4.75966e-06, 0.054562
4.78965e-06, 0.0514471
4.81965e-06, 0.0485343
4.84964e-06, 0.0459349
4.87964e-06, 0.0437655
4.90963e-06, 0.0421363
4.93962e-06, 0.0411333
4.96962e-06, 0.0407995
4.99961e-06, 0.0411228
5.0296e-06, 0.0420369
5.0596e-06, 0.0434347
5.08959e-06, 0.0451897
5.11959e-06, 0.0471743
5.14958e-06, 0.0492732
5.17957e-06, 0.0513905
5.20957e-06, 0.0534513
5.23956e-06, 0.055402
5.26955e-06, 0.0572077
5.29955e-06, 0.0588501
5.32954e-06, 0.0603247
5.35954e-06, 0.0616384
5.38953e-06, 0.0628065
5.41952e-06, 0.0638505
5.44952e-06, 0.0647956
5.47951e-06, 0.0656685
5.5095e-06, 0.0664949
5.5395e-06, 0.0672981
5.56949e-06, 0.0680967
5.59949e-06, 0.0689033
5.62948e-06, 0.0697232
5.65947e-06, 0.0705538
5.68947e-06, 0.071384
5.71946e-06, 0.0721947
5.74945e-06, 0.0729592
5.77945e-06, 0.0736451
5.80944e-06, 0.0742151
5.83944e-06, 0.0746299
5.86943e-06, 0.0748501
5.89942e-06, 0.0748381
5.92942e-06, 0.0745612
5.95941e-06, 0.073993
5.9894e-06, 0.0731158
6.0194e-06, 0.0719221
6.04939e-06, 0.0704155
6.07939e-06, 0.0686128
6.10938e-06, 0.066544
6.13937e-06, 0.0642539
6.16937e-06, 0.0618027
6.19936e-06, 0.0592669
6.22935e-06, 0.0567401
6.25935e-06, 0.0543337
6.28934e-06, 0.052175
6.31934e-06, 0.0504028
6.34933e-06, 0.0491579
6.37932e-06, 0.0485674
6.40932e-06, 0.0487254
6.43931e-06, 0.0496757
6.4693e-06, 0.0514036
6.4993e-06, 0.0538409
6.52929e-06, 0.0568794
6.55929e-06, 0.0603883
6.58928e-06, 0.0642284
6.61927e-06, 0.0682613
6.64927e-06, 0.0723542
6.67926e-06, 0.0763827
6.70925e-06, 0.0802316
6.73925e-06, 0.0837952
6.76924e-06, 0.0869785
6.79924e-06, 0.0896974
6.82923e-06, 0.0918801
6.85922e-06, 0.0934677
6.88922e-06, 0.0944153
6.91921e-06, 0.0946927
6.9492e-06, 0.0942841
6.9792e-06, 0.093189
7.00919e-06, 0.0914214
7.03919e-06, 0.089009
7.06918e-06, 0.0859932
7.09917e-06, 0.0824276
7.12917e-06, 0.0783785
7.15916e-06, 0.0739248
7.18915e-06, 0.0691599
7.21915e-06, 0.0641952
7.24914e-06, 0.0591658
7.27914e-06, 0.05424
7.30913e-06, 0.0496304
7.33912e-06, 0.0456043
7.36912e-06, 0.0424803
7.39911e-06, 0.0405905
7.4291e-06, 0.0401939
7.4591e-06, 0.041373
7.48909e-06, 0.0439953
7.51909e-06, 0.0477759
7.54908e-06, 0.0523805
7.57907e-06, 0.0574974
7.60907e-06, 0.0628641
7.63906e-06, 0.0682676
7.66905e-06, 0.073536
7.69905e-06, 0.0785299
7.72904e-06, 0.0831352
7.75904e-06, 0.0872598
7.78903e-06, 0.0908307
7.81902e-06, 0.0937922
7.84902e-06, 0.0961051
7.87901e-06, 0.0977458
7.909e-06, 0.0987052
7.939e-06, 0.0989878
7.96899e-06, 0.0986098
7.99899e-06, 0.0975987
8.02898e-06, 0.0959908
8.05897e-06, 0.0938306
8.08897e-06, 0.0911695
8.11896e-06, 0.0880649
8.14895e-06, 0.0845807
8.17895e-06, 0.0807878
8.20894e-06, 0.0767658
8.23894e-06, 0.0726058
8.26893e-06, 0.0684136
8.29892e-06, 0.0643138
8.32892e-06, 0.0604525
8.35891e-06, 0.0569977
8.3889e-06, 0.0541329
8.4189e-06, 0.0520409
8.44889e-06, 0.0508746
8.47889e-06, 0.0507219
8.50888e-06, 0.0515811
8.53887e-06, 0.0533581
8.56887e-06, 0.0558906
8.59886e-06, 0.0589833
8.62885e-06, 0.0624388
8.65885e-06, 0.066078
8.68884e-06, 0.0697479
8.71884e-06, 0.0733249
8.74883e-06, 0.0767127
8.77882e-06, 0.0798397
8.80882e-06, 0.0826562
8.83881e-06, 0.0851319
8.8688e-06, 0.0872521
8.8988e-06, 0.0890163
8.92879e-06, 0.090435
8.95879e-06, 0.091528
8.98878e-06, 0.0923215
9.01877e-06, 0.092847
9.04877e-06, 0.0931385
9.07876e-06, 0.0932314
9.10875e-06, 0.0931608
9.13875e-06, 0.0929599
9.16874e-06, 0.0926589
9.19874e-06, 0.092284
9.22873e-06, 0.0918559
9.25872e-06, 0.0913896
9.28872e-06, 0.0908936
9.31871e-06, 0.0903693
9.3487e-06, 0.0898118
9.3787e-06, 0.0892104
9.40869e-06, 0.0885493
9.43868e-06, 0.0878097
9.46868e-06, 0.0869716
9.49867e-06, 0.0860163
9.52867e-06, 0.0849288
9.55866e-06, 0.0837001
9.58865e-06, 0.0823298
9.61865e-06, 0.0808282
9.64864e-06, 0.0792181
9.67863e-06, 0.077536
9.70863e-06, 0.0758329
9.73862e-06, 0.0741737
9.76862e-06, 0.0726363
9.79861e-06, 0.0713085
9.8286e-06, 0.0702827
9.8586e-06, 0.0696501
9.88859e-06, 0.0694912
9.91858e-06, 0.0698684
9.94858e-06, 0.0708174
9.97857e-06, 0.0723437
1.00086e-05, 0.0744216
1.00386e-05, 0.0769977
1.00686e-05, 0.0799966
1.00985e-05, 0.0833276
1.01285e-05, 0.0868908
1.01585e-05, 0.0905822
1.01885e-05, 0.0942971
1.02185e-05, 0.097933
1.02485e-05, 0.101391
1.02785e-05, 0.104578
1.03085e-05, 0.107408
1.03385e-05, 0.109801
1.03685e-05, 0.111688
1.03985e-05, 0.113009
1.04285e-05, 0.113716
1.04585e-05, 0.113773
1.04885e-05, 0.113157
1.05185e-05, 0.111857
1.05485e-05, 0.10988
1.05784e-05, 0.107243
1.06084e-05, 0.10398
1.06384e-05, 0.100139
1.06684e-05, 0.0957821
1.06984e-05, 0.090991
1.07284e-05, 0.0858647
1.07584e-05, 0.0805258
1.07884e-05, 0.0751256
1.08184e-05, 0.0698512
1.08484e-05, 0.0649331
1.08784e-05, 0.0606484
1.09084e-05, 0.0573102
1.09384e-05, 0.0552306
1.09684e-05, 0.054653
1.09984e-05, 0.0556762
1.10284e-05, 0.0582182
1.10583e-05, 0.0620485
1.10883e-05, 0.0668606
1.11183e-05, 0.0723392
1.11483e-05, 0.0781977
1.11783e-05, 0.0841905
1.12083e-05, 0.0901124
1.12383e-05, 0.0957932
1.12683e-05, 0.101092
1.12983e-05, 0.105894
1.13283e-05, 0.110104
1.13583e-05, 0.113651
1.13883e-05, 0.116478
1.14183e-05, 0.11855
1.14483e-05, 0.119847
1.14783e-05, 0.120366
1.15083e-05, 0.120117
1.15382e-05, 0.119126
1.15682e-05, 0.117432
1.15982e-05, 0.115084
1.16282e-05, 0.112146
1.16582e-05, 0.108688
1.16882e-05, 0.104794
1.17182e-05, 0.100558
1.17482e-05, 0.0960863
1.17782e-05, 0.0914986
1.18082e-05, 0.0869309
1.18382e-05, 0.0825356
1.18682e-05, 0.0784808
1.18982e-05, 0.0749453
1.19282e-05, 0.0721071
1.19582e-05, 0.0701247
1.19882e-05, 0.0691124
1.20181e-05, 0.0691171
1.20481e-05, 0.070106
1.20781e-05, 0.0719719
1.21081e-05, 0.0745526
1.21381e-05, 0.0776574
1.21681e-05, 0.0810911
1.21981e-05, 0.0846703
1.22281e-05, 0.0882334
1.22581e-05, 0.0916443
1.22881e-05, 0.0947928
1.23181e-05, 0.0975946
1.23481e-05, 0.0999891
1.23781e-05, 0.101937
1.24081e-05, 0.103421
1.24381e-05, 0.104439
1.24681e-05, 0.105007
1.2498e-05, 0.105154
1.2528e-05, 0.104921
1.2558e-05, 0.104361
1.2588e-05, 0.103532
1.2618e-05, 0.102502
1.2648e-05, 0.101339
1.2678e-05, 0.100116
1.2708e-05, 0.0989026
1.2738e-05, 0.0977657
1.2768e-05, 0.0967653
1.2798e-05, 0.0959513
1.2828e-05, 0.0953607
1.2858e-05, 0.0950149
1.2888e-05, 0.0949185
1.2918e-05, 0.095059
1.2948e-05, 0.0954078
1.29779e-05, 0.0959222
1.30079e-05, 0.0965495
1.30379e-05, 0.0972302
1.30679e-05, 0.0979029
1.30979e-05, 0.0985077
1.31279e-05, 0.0989898
1.31579e-05, 0.0993034
1.31879e-05, 0.0994128
1.32179e-05, 0.0992952
1.32479e-05, 0.0989413
1.32779e-05, 0.0983565
1.33079e-05, 0.0975603
1.33379e-05, 0.0965867
1.33679e-05, 0.0954829
1.33979e-05, 0.0943083
1.34279e-05, 0.0931319
1.34578e-05, 0.0920302
1.34878e-05, 0.0910827
1.35178e-05, 0.0903676
1.35478e-05, 0.0899565
1.35778e-05, 0.089908
1.36078e-05, 0.090263
1.36378e-05, 0.0910399
1.36678e-05, 0.0922322
1.36978e-05, 0.0938092
1.37278e-05, 0.0957174
1.37578e-05, 0.097885
1.37878e-05, 0.100227
1.38178e-05, 0.102651
1.38478e-05, 0.105059
1.38778e-05, 0.107359
1.39078e-05, 0.109459
1.39377e-05, 0.111278
1.39677e-05, 0.112746
1.39977e-05, 0.113803
1.40277e-05, 0.114403
1.40577e-05, 0.114517
1.40877e-05, 0.11413
1.41177e-05, 0.113241
1.41477e-05, 0.111868
1.41777e-05, 0.110043
1.42077e-05, 0.107818
1.42377e-05, 0.105257
1.42677e-05, 0.102443
1.42977e-05, 0.0994736
1.43277e-05, 0.096462
1.43577e-05, 0.0935348
1.43877e-05, 0.090829
1.44176e-05, 0.0884865
1.44476e-05, 0.0866455
1.44776e-05, 0.0854292
1.45076e-05, 0.0849325
1.45376e-05, 0.0852098
1.45676e-05, 0.0862668
1.45976e-05, 0.0880592
1.46276e-05, 0.0904984
1.46576e-05, 0.0934623
1.46876e-05, 0.0968083
1.47176e-05, 0.100385
1.47476e-05, 0.104041
1.47776e-05, 0.107632
1.48076e-05, 0.111028
1.48376e-05, 0.11411
1.48676e-05, 0.116777
1.48975e-05, 0.118946
1.49275e-05, 0.120551
1.49575e-05, 0.121544
1.49875e-05, 0.121895
1.50175e-05, 0.121594
1.50475e-05, 0.120648
1.50775e-05, 0.119084
1.51075e-05, 0.116943
1.51375e-05, 0.114289
1.51675e-05, 0.111198
1.51975e-05, 0.107769
1.52275e-05, 0.104114
1.52575e-05, 0.100366
1.52875e-05, 0.0966695
1.53175e-05, 0.093187
1.53475e-05, 0.0900868
1.53774e-05, 0.0875367
1.54074e-05, 0.0856901
1.54374e-05, 0.0846688
1.54674e-05, 0.0845462
1.54974e-05, 0.0853358
1.55274e-05, 0.0869878
1.55574e-05, 0.0893977
1.55874e-05, 0.0924211
1.56174e-05, 0.0958911
1.56474e-05, 0.0996339
1.56774e-05, 0.103481
1.57074e-05, 0.107276
1.57374e-05, 0.11088
1.57674e-05, 0.114171
1.57974e-05, 0.11705
1.58274e-05, 0.119433
1.58573e-05, 0.12126
1.58873e-05, 0.122487
1.59173e-05, 0.12309
1.59473e-05, 0.123063
1.59773e-05, 0.122418
1.60073e-05, 0.121182
1.60373e-05, 0.119401
1.60673e-05, 0.117135
1.60973e-05, 0.11446
1.61273e-05, 0.111468
1.61573e-05, 0.108262
1.61873e-05, 0.104962
1.62173e-05, 0.101697
1.62473e-05, 0.0986042
1.62773e-05, 0.0958258
1.63073e-05, 0.0934984
1.63372e-05, 0.0917448
1.63672e-05, 0.0906616
1.63972e-05, 0.090308
1.64272e-05, 0.0906982
1.64572e-05, 0.0917986
1.64872e-05, 0.0935327
1.65172e-05, 0.0957903
1.65472e-05, 0.0984398
1.65772e-05, 0.10134
1.66072e-05, 0.104352
1.66372e-05, 0.107343
1.66672e-05, 0.110194
1.66972e-05, 0.112805
1.67272e-05, 0.11509
1.67572e-05, 0.116983
1.67872e-05, 0.118437
1.68171e-05, 0.119423
1.68471e-05, 0.119929
1.68771e-05, 0.11996
1.69071e-05, 0.119537
1.69371e-05, 0.118698
1.69671e-05, 0.117492
1.69971e-05, 0.115983
1.70271e-05, 0.114245
1.70571e-05, 0.112364
1.70871e-05, 0.110431
1.71171e-05, 0.108543
1.71471e-05, 0.106795
1.71771e-05, 0.105279
1.72071e-05, 0.104078
1.72371e-05, 0.103257
1.72671e-05, 0.102862
1.7297e-05, 0.10291
1.7327e-05, 0.103395
1.7357e-05, 0.10428
1.7387e-05, 0.105507
1.7417e-05, 0.106998
1.7447e-05, 0.108665
1.7477e-05, 0.110411
1.7507e-05, 0.112141
1.7537e-05, 0.113766
1.7567e-05, 0.115204
1.7597e-05, 0.116387
1.7627e-05, 0.11726
1.7657e-05, 0.117784
1.7687e-05, 0.117938
1.7717e-05, 0.117716
1.7747e-05, 0.11713
1.77769e-05, 0.116209
1.78069e-05, 0.114997
1.78369e-05, 0.113553
1.78669e-05, 0.11195
1.78969e-05, 0.110271
1.79269e-05, 0.108608
1.79569e-05, 0.107057
1.79869e-05, 0.105713
1.80169e-05, 0.104667
1.80469e-05, 0.103996
1.80769e-05, 0.103758
1.81069e-05, 0.103987
1.81369e-05, 0.10469
1.81669e-05, 0.105845
1.81969e-05, 0.107405
1.82269e-05, 0.109297
1.82568e-05, 0.111435
1.82868e-05, 0.113719
1.83168e-05, 0.116046
1.83468e-05, 0.118312
1.83768e-05, 0.12042
1.84068e-05, 0.122278
1.84368e-05, 0.123809
1.84668e-05, 0.124947
1.84968e-05, 0.125639
1.85268e-05, 0.12585
1.85568e-05, 0.125561
1.85868e-05, 0.124769
1.86168e-05, 0.123491
1.86468e-05, 0.12176
1.86768e-05, 0.119628
1.87068e-05, 0.117165
1.87367e-05, 0.114461
1.87667e-05, 0.111621
1.87967e-05, 0.108769
1.88267e-05, 0.106038
1.88567e-05, 0.103573
1.88867e-05, 0.101516
1.89167e-05, 0.100001
1.89467e-05, 0.0991387
1.89767e-05, 0.0990057
1.90067e-05, 0.0996331
1.90367e-05, 0.101003
1.90667e-05, 0.103051
1.90967e-05, 0.105673
1.91267e-05, 0.108735
1.91567e-05, 0.112089
1.91867e-05, 0.115581
1.92166e-05, 0.119061
1.92466e-05, 0.122388
1.92766e-05, 0.125434
1.93066e-05, 0.128087
1.93366e-05, 0.130254
1.93666e-05, 0.131858
1.93966e-05, 0.132843
1.94266e-05, 0.133171
1.94566e-05, 0.132823
1.94866e-05, 0.1318
1.95166e-05, 0.130122
1.95466e-05, 0.127829
1.95766e-05, 0.124977
1.96066e-05, 0.121647
1.96366e-05, 0.117935
1.96666e-05, 0.11396
1.96965e-05, 0.109858
1.97265e-05, 0.105788
1.97565e-05, 0.101919
1.97865e-05, 0.0984358
1.98165e-05, 0.0955201
1.98465e-05, 0.0933405
1.98765e-05, 0.0920327
1.99065e-05, 0.0916811
1.99365e-05, 0.0923049
1.99665e-05, 0.0938548
1.99965e-05, 0.0962205
2.00265e-05, 0.0992471
2.00565e-05, 0.102755
2.00865e-05, 0.106555
2.01165e-05, 0.110465
2.01465e-05, 0.114316
2.01764e-05, 0.117958
2.02064e-05, 0.12126
2.02364e-05, 0.124113
2.02664e-05, 0.126428
2.02964e-05, 0.128137
2.03264e-05, 0.129192
2.03564e-05, 0.129562
2.03864e-05, 0.129238
2.04164e-05, 0.128226
2.04464e-05, 0.12655
2.04764e-05, 0.124251
2.05064e-05, 0.121389
2.05364e-05, 0.118038
2.05664e-05, 0.114291
2.05964e-05, 0.110257
2.06264e-05, 0.106064
2.06563e-05, 0.101857
2.06863e-05, 0.0977988
2.07163e-05, 0.0940627
2.07463e-05, 0.0908293
2.07763e-05, 0.0882729
2.08063e-05, 0.0865446
2.08363e-05, 0.0857529
2.08663e-05, 0.0859467
2.08963e-05, 0.0871066
2.09263e-05, 0.0891478
2.09563e-05, 0.0919338
2.09863e-05, 0.0952964
2.10163e-05, 0.0990541
2.10463e-05, 0.103027
2.10763e-05, 0.107049
2.11063e-05, 0.110968
2.11362e-05, 0.114654
2.11662e-05, 0.117998
2.11962e-05, 0.120911
2.12262e-05, 0.123322
2.12562e-05, 0.12518
2.12862e-05, 0.126452
2.13162e-05, 0.127123
2.13462e-05, 0.127192
2.13762e-05, 0.126677
2.14062e-05, 0.125608
2.14362e-05, 0.124032
2.14662e-05, 0.122009
2.14962e-05, 0.119612
2.15262e-05, 0.116926
2.15562e-05, 0.114049
2.15862e-05, 0.111087
2.16161e-05, 0.108154
2.16461e-05, 0.105367
2.16761e-05, 0.102841
2.17061e-05, 0.100685
2.17361e-05, 0.0989936
2.17661e-05, 0.0978356
2.17961e-05, 0.0972525
2.18261e-05, 0.0972513
2.18561e-05, 0.097805
2.18861e-05, 0.0988556
2.19161e-05, 0.100321
2.19461e-05, 0.102103
2.19761e-05, 0.104097
2.20061e-05, 0.106198
2.20361e-05, 0.108308
2.20661e-05, 0.11034
2.2096e-05, 0.112221
2.2126e-05, 0.113894
2.2156e-05, 0.115316
2.2186e-05, 0.116462
2.2216e-05, 0.117321
2.2246e-05, 0.117898
2.2276e-05, 0.118212
2.2306e-05, 0.118291
2.2336e-05, 0.118176
2.2366e-05, 0.117917
2.2396e-05, 0.117566
2.2426e-05, 0.11718
2.2456e-05, 0.116816
2.2486e-05, 0.116527
2.2516e-05, 0.116358
2.2546e-05, 0.116344
2.25759e-05, 0.116509
2.26059e-05, 0.11686
2.26359e-05, 0.117388
2.26659e-05, 0.118071
2.26959e-05, 0.11887
2.27259e-05, 0.119738
2.27559e-05, 0.120617
2.27859e-05, 0.121444
2.28159e-05, 0.122157
2.28459e-05, 0.122693
2.28759e-05, 0.122996
2.29059e-05, 0.123019
2.29359e-05, 0.122724
2.29659e-05, 0.122087
2.29959e-05, 0.121098
2.30259e-05, 0.119765
2.30558e-05, 0.118113
2.30858e-05, 0.116183
2.31158e-05, 0.114037
2.31458e-05, 0.111754
2.31758e-05, 0.109431
2.32058e-05, 0.107178
2.32358e-05, 0.105116
2.32658e-05, 0.103369
2.32958e-05, 0.102056
2.33258e-05, 0.101281
2.33558e-05, 0.101121
2.33858e-05, 0.10162
2.34158e-05, 0.102778
2.34458e-05, 0.104556
2.34758e-05, 0.106879
2.35058e-05, 0.109639
2.35357e-05, 0.112715
2.35657e-05, 0.11597
2.35957e-05, 0.119271
2.36257e-05, 0.122485
2.36557e-05, 0.12549
2.36857e-05, 0.128177
2.37157e-05, 0.130448
2.37457e-05, 0.13222
2.37757e-05, 0.133425
2.38057e-05, 0.134012
2.38357e-05, 0.133942
2.38657e-05, 0.133195
2.38957e-05, 0.131766
2.39257e-05, 0.129664
2.39557e-05, 0.126918
2.39857e-05, 0.123573
2.40156e-05, 0.11969
2.40456e-05, 0.115353
2.40756e-05, 0.110667
2.41056e-05, 0.10576
2.41356e-05, 0.100786
2.41656e-05, 0.0959294
2.41956e-05, 0.0913994
2.42256e-05, 0.0874285
2.42556e-05, 0.0842575
2.42856e-05, 0.0821104
2.43156e-05, 0.0811618
2.43456e-05, 0.0815019
2.43756e-05, 0.0831164
2.44056e-05, 0.085889
2.44356e-05, 0.0896268
2.44656e-05, 0.0940939
2.44955e-05, 0.0990433
2.45255e-05, 0.104238
2.45555e-05, 0.109462
2.45855e-05, 0.114528
2.46155e-05, 0.11927
2.46455e-05, 0.123554
2.46755e-05, 0.127264
2.47055e-05, 0.13031
2.47355e-05, 0.132621
2.47655e-05, 0.134145
2.47955e-05, 0.134849
2.48255e-05, 0.134721
2.48555e-05, 0.133763
2.48855e-05, 0.131996
2.49155e-05, 0.129458
2.49455e-05, 0.126205
2.49754e-05, 0.122308
2.50054e-05, 0.11786
2.50354e-05, 0.112968
2.50654e-05, 0.107763
2.50954e-05, 0.102397
2.51254e-05, 0.0970458
2.51554e-05, 0.0919082
2.51854e-05, 0.0872051
2.52154e-05, 0.08317
2.52454e-05, 0.0800316
2.52754e-05, 0.0779858
2.53054e-05, 0.0771621
2.53354e-05, 0.0775956
2.53654e-05, 0.0792177
2.53954e-05, 0.0818712
2.54254e-05, 0.0853415
2.54553e-05, 0.0893919
2.54853e-05, 0.0937897
2.55153e-05, 0.0983227
2.55453e-05, 0.102806
2.55753e-05, 0.107084
2.56053e-05, 0.111027
2.56353e-05, 0.114532
2.56653e-05, 0.117518
2.56953e-05, 0.119925
2.57253e-05, 0.121711
2.57553e-05, 0.122852
2.57853e-05, 0.123341
2.58153e-05, 0.123188
2.58453e-05, 0.122416
2.58753e-05, 0.121065
2.59053e-05, 0.119189
2.59352e-05, 0.116856
2.59652e-05, 0.11415
2.59952e-05, 0.111167
2.60252e-05, 0.108017
2.60552e-05, 0.104822
2.60852e-05, 0.101709
2.61152e-05, 0.0988144
2.61452e-05, 0.0962682
2.61752e-05, 0.0941909
2.62052e-05, 0.092682
2.62352e-05, 0.0918093
2.62652e-05, 0.0916016
2.62952e-05, 0.0920446
2.63252e-05, 0.0930833
2.63552e-05, 0.094629
2.63852e-05, 0.0965697
2.64151e-05, 0.0987816
2.64451e-05, 0.101139
2.64751e-05, 0.103522
2.65051e-05, 0.105823
2.65351e-05, 0.10795
2.65651e-05, 0.109826
2.65951e-05, 0.111395
2.66251e-05, 0.112616
2.66551e-05, 0.113466
2.66851e-05, 0.113941
2.67151e-05, 0.114051
2.67451e-05, 0.113821
2.67751e-05, 0.113289
2.68051e-05, 0.112507
2.68351e-05, 0.111536
2.68651e-05, 0.110444
2.6895e-05, 0.109305
2.6925e-05, 0.108193
2.6955e-05, 0.107182
2.6985e-05, 0.106337
2.7015e-05, 0.105711
2.7045e-05, 0.105345
2.7075e-05, 0.105258
2.7105e-05, 0.105453
2.7135e-05, 0.105909
2.7165e-05, 0.106589
2.7195e-05, 0.107441
2.7225e-05, 0.1084
2.7255e-05, 0.109396
2.7285e-05, 0.110356
2.7315e-05, 0.111209
2.7345e-05, 0.111891
2.73749e-05, 0.112343
2.74049e-05, 0.11252
2.74349e-05, 0.112391
2.74649e-05, 0.111935
2.74949e-05, 0.111149
2.75249e-05, 0.110047
2.75549e-05, 0.108657
2.75849e-05, 0.107025
2.76149e-05, 0.105212
2.76449e-05, 0.103294
2.76749e-05, 0.10136
2.77049e-05, 0.0995086
2.77349e-05, 0.0978438
2.77649e-05, 0.0964675
2.77949e-05, 0.0954732
2.78249e-05, 0.0949369
2.78548e-05, 0.0949098
2.78848e-05, 0.0954122
2.79148e-05, 0.0964308
2.79448e-05, 0.0979199
2.79748e-05, 0.0998064
2.80048e-05, 0.101996
2.80348e-05, 0.104382
2.80648e-05, 0.106851
2.80948e-05, 0.109291
2.81248e-05, 0.111595
2.81548e-05, 0.113665
2.81848e-05, 0.115413
2.82148e-05, 0.116763
2.82448e-05, 0.117654
2.82748e-05, 0.118038
2.83048e-05, 0.117881
2.83347e-05, 0.117165
2.83647e-05, 0.115884
2.83947e-05, 0.114051
2.84247e-05, 0.111694
2.84547e-05, 0.108856
2.84847e-05, 0.1056
2.85147e-05, 0.102008
2.85447e-05, 0.0981837
2.85747e-05, 0.0942509
2.86047e-05, 0.0903575
2.86347e-05, 0.0866719
2.86647e-05, 0.0833796
2.86947e-05, 0.0806717
2.87247e-05, 0.0787283
2.87547e-05, 0.0776955
2.87847e-05, 0.0776608
2.88146e-05, 0.0786361
2.88446e-05, 0.0805548
2.88746e-05, 0.0832842
2.89046e-05, 0.0866477
2.89346e-05, 0.0904484
2.89646e-05, 0.0944885
2.89946e-05, 0.0985816
2.90246e-05, 0.10256
2.90546e-05, 0.106277
2.90846e-05, 0.109607
2.91146e-05, 0.112447
2.91446e-05, 0.114712
2.91746e-05, 0.116339
2.92046e-05, 0.117281
2.92346e-05, 0.117508
2.92646e-05, 0.11701
2.92945e-05, 0.115789
2.93245e-05, 0.113867
2.93545e-05, 0.111279
2.93845e-05, 0.108076
2.94145e-05, 0.104326
2.94445e-05, 0.100115
2.94745e-05, 0.0955437
2.95045e-05, 0.0907363
2.95345e-05, 0.0858371
2.95645e-05, 0.0810152
2.95945e-05, 0.0764642
2.96245e-05, 0.0723994
2.96545e-05, 0.069047
2.96845e-05, 0.066623
2.97145e-05, 0.0652999
2.97445e-05, 0.065171
2.97744e-05, 0.0662264
2.98044e-05, 0.0683551
2.98344e-05, 0.0713711
2.98644e-05, 0.0750507
2.98944e-05, 0.0791651
2.99244e-05, 0.0835013
2.99544e-05, 0.0878713
2.99844e-05, 0.0921145
3.00144e-05, 0.0960966
3.00444e-05, 0.0997067
3.00744e-05, 0.102855
3.01044e-05, 0.10547
3.01344e-05, 0.107497
3.01644e-05, 0.108898
3.01944e-05, 0.10965
3.02244e-05, 0.109744
3.02543e-05, 0.109187
3.02843e-05, 0.107998
3.03143e-05, 0.106215
3.03443e-05, 0.103886
3.03743e-05, 0.10108
3.04043e-05, 0.0978785
3.04343e-05, 0.0943833
3.04643e-05, 0.090712
3.04943e-05, 0.087
3.05243e-05, 0.0833986
3.05543e-05, 0.0800711
3.05843e-05, 0.0771847
3.06143e-05, 0.0748981
3.06443e-05, 0.0733441
3.06743e-05, 0.0726112
3.07043e-05, 0.0727282
3.07342e-05, 0.0736588
3.07642e-05, 0.075308
3.07942e-05, 0.0775382
3.08242e-05, 0.0801891
3.08542e-05, 0.0830953
3.08842e-05, 0.0860994
3.09142e-05, 0.0890602
3.09442e-05, 0.0918559
3.09742e-05, 0.0943855
3.10042e-05, 0.0965688
3.10342e-05, 0.0983448
3.10642e-05, 0.0996711
3.10942e-05, 0.100522
3.11242e-05, 0.100889
3.11542e-05, 0.100778
3.11842e-05, 0.100209
3.12141e-05, 0.0992149
3.12441e-05, 0.0978429
3.12741e-05, 0.0961508
3.13041e-05, 0.0942076
3.13341e-05, 0.0920919
3.13641e-05, 0.0898902
3.13941e-05, 0.0876942
3.14241e-05, 0.0855982
3.14541e-05, 0.0836942
3.14841e-05, 0.082067
3.15141e-05, 0.0807879
3.15441e-05, 0.0799093
3.15741e-05, 0.0794594
3.16041e-05, 0.0794398
3.16341e-05, 0.0798254
3.16641e-05, 0.0805674
3.1694e-05, 0.0815988
3.1724e-05, 0.0828402
3.1754e-05, 0.0842069
3.1784e-05, 0.0856141
3.1814e-05, 0.0869818
3.1844e-05, 0.0882379
3.1874e-05, 0.0893204
3.1904e-05, 0.0901791
3.1934e-05, 0.0907763
3.1964e-05, 0.0910873
3.1994e-05, 0.0911005
3.2024e-05, 0.0908176
3.2054e-05, 0.0902534
3.2084e-05, 0.0894357
3.2114e-05, 0.0884045
3.2144e-05, 0.0872112
3.21739e-05, 0.0859178
3.22039e-05, 0.084594
3.22339e-05, 0.0833152
3.22639e-05, 0.082158
3.22939e-05, 0.0811959
3.23239e-05, 0.0804935
3.23539e-05, 0.080101
3.23839e-05, 0.0800493
3.24139e-05, 0.0803465
3.24439e-05, 0.080977
3.24739e-05, 0.0819027
3.25039e-05, 0.083067
3.25339e-05, 0.0843993
3.25639e-05, 0.0858209
3.25939e-05, 0.0872505
3.26239e-05, 0.0886082
3.26538e-05, 0.0898199
3.26838e-05, 0.0908197
3.27138e-05, 0.0915518
3.27438e-05, 0.0919719
3.27738e-05, 0.0920481
3.28038e-05, 0.0917613
3.28338e-05, 0.0911057
3.28638e-05, 0.0900886
3.28938e-05, 0.0887312
3.29238e-05, 0.0870681
3.29538e-05, 0.0851476
3.29838e-05, 0.0830313
3.30138e-05, 0.0807942
3.30438e-05, 0.0785234
3.30738e-05, 0.0763161
3.31038e-05, 0.0742768
3.31337e-05, 0.0725116
3.31637e-05, 0.0711215
3.31937e-05, 0.070193
3.32237e-05, 0.0697887
3.32537e-05, 0.0699391
3.32837e-05, 0.0706386
3.33137e-05, 0.0718452
3.33437e-05, 0.0734866
3.33737e-05, 0.0754682
3.34037e-05, 0.0776825
3.34337e-05, 0.0800175
3.34637e-05, 0.0823639
3.34937e-05, 0.0846189
3.35237e-05, 0.0866898
3.35537e-05, 0.0884954
3.35837e-05, 0.0899672
3.36136e-05, 0.0910493
3.36436e-05, 0.0916996
3.36736e-05, 0.0918892
3.37036e-05, 0.0916027
3.37336e-05, 0.0908389
3.37636e-05, 0.0896108
3.37936e-05, 0.0879461
3.38236e-05, 0.0858879
3.38536e-05, 0.0834956
3.38836e-05, 0.0808451
3.39136e-05, 0.0780302
3.39436e-05, 0.075162
3.39736e-05, 0.0723683
3.40036e-05, 0.0697901
3.40336e-05, 0.0675751
3.40636e-05, 0.0658668
3.40935e-05, 0.064789
3.41235e-05, 0.0644284
3.41535e-05, 0.06482
3.41835e-05, 0.0659412
3.42135e-05, 0.0677151
3.42435e-05, 0.0700239
3.42735e-05, 0.0727261
3.43035e-05, 0.0756716
3.43335e-05, 0.078714
3.43635e-05, 0.0817177
3.43935e-05, 0.0845616
3.44235e-05, 0.0871409
3.44535e-05, 0.0893671
3.44835e-05, 0.0911677
3.45135e-05, 0.0924856
3.45435e-05, 0.0932787
3.45734e-05, 0.0935195
3.46034e-05, 0.0931947
3.46334e-05, 0.0923055
3.46634e-05, 0.0908674
3.46934e-05, 0.0889106
3.47234e-05, 0.086481
3.47534e-05, 0.0836401
3.47834e-05, 0.0804671
3.48134e-05, 0.077059
3.48434e-05, 0.0735324
3.48734e-05, 0.0700236
3.49034e-05, 0.0666879
3.49334e-05, 0.0636948
3.49634e-05, 0.061218
3.49934e-05, 0.0594195
3.50234e-05, 0.0584254
3.50533e-05, 0.0583034
3.50833e-05, 0.0590476
3.51133e-05, 0.0605797
3.51433e-05, 0.0627659
3.51733e-05, 0.0654408
3.52033e-05, 0.0684309
3.52333e-05, 0.0715706
3.52633e-05, 0.0747111
3.52933e-05, 0.0777239
3.53233e-05, 0.0805011
3.53533e-05, 0.0829541
3.53833e-05, 0.0850115
3.54133e-05, 0.0866178
3.54433e-05, 0.0877317
3.54733e-05, 0.0883247
3.55033e-05, 0.0883803
3.55332e-05, 0.0878935
3.55632e-05, 0.0868706
3.55932e-05, 0.085329
3.56232e-05, 0.0832978
3.56532e-05, 0.0808185
3.56832e-05, 0.0779459
3.57132e-05, 0.0747498
3.57432e-05, 0.0713172
3.57732e-05, 0.0677541
3.58032e-05, 0.0641879
3.58332e-05, 0.0607686
3.58632e-05, 0.0576668
3.58932e-05, 0.0550664
3.59232e-05, 0.0531478
3.59532e-05, 0.0520619
3.59832e-05, 0.0518991
3.60131e-05, 0.0526664
3.60431e-05, 0.0542848
3.60731e-05, 0.0566083
3.61031e-05, 0.0594539
3.61331e-05, 0.0626303
3.61631e-05, 0.0659569
3.61931e-05, 0.0692736
3.62231e-05, 0.0724434
3.62531e-05, 0.0753529
3.62831e-05, 0.0779097
3.63131e-05, 0.0800411
3.63431e-05, 0.0816916
3.63731e-05, 0.082822
3.64031e-05, 0.0834076
3.64331e-05, 0.0834377
3.64631e-05, 0.0829145
3.6493e-05, 0.0818531
3.6523e-05, 0.0802806
3.6553e-05, 0.0782364
3.6583e-05, 0.075772
3.6613e-05, 0.0729516
3.6643e-05, 0.0698526
3.6673e-05, 0.0665661
3.6703e-05, 0.0631985
3.6733e-05, 0.0598711
3.6763e-05, 0.0567201
3.6793e-05, 0.0538927
3.6823e-05, 0.0515391
3.6853e-05, 0.0497981
3.6883e-05, 0.0487771
3.6913e-05, 0.048531
3.6943e-05, 0.0490497
3.69729e-05, 0.0502597
3.70029e-05, 0.0520393
3.70329e-05, 0.0542418
3.70629e-05, 0.0567153
3.70929e-05, 0.0593171
3.71229e-05, 0.0619207
3.71529e-05, 0.0644188
3.71829e-05, 0.0667225
3.72129e-05, 0.0687603
3.72429e-05, 0.0704765
3.72729e-05, 0.0718295
3.73029e-05, 0.0727908
3.73329e-05, 0.073344
3.73629e-05, 0.0734842
3.73929e-05, 0.0732177
3.74229e-05, 0.0725615
3.74528e-05, 0.0715438
3.74828e-05, 0.0702039
3.75128e-05, 0.068592
3.75428e-05, 0.06677
3.75728e-05, 0.0648109
3.76028e-05, 0.0627982
3.76328e-05, 0.0608249
3.76628e-05, 0.0589902
3.76928e-05, 0.0573948
3.77228e-05, 0.0561338
3.77528e-05, 0.0552876
3.77828e-05, 0.0549125
3.78128e-05, 0.0550327
3.78428e-05, 0.0556367
3.78728e-05, 0.0566791
3.79028e-05, 0.0580874
3.79327e-05, 0.0597713
3.79627e-05, 0.0616324
3.79927e-05, 0.0635723
3.80227e-05, 0.0654982
3.80527e-05, 0.0673272
3.80827e-05, 0.0689873
3.81127e-05, 0.0704194
3.81427e-05, 0.0715771
3.81727e-05, 0.072427
3.82027e-05, 0.0729482
3.82327e-05, 0.0731327
3.82627e-05, 0.0729848
3.82927e-05, 0.0725211
3.83227e-05, 0.0717703
3.83527e-05, 0.070773
3.83827e-05, 0.0695807
3.84126e-05, 0.0682553
3.84426e-05, 0.0668675
3.84726e-05, 0.0654939
3.85026e-05, 0.0642142
3.85326e-05, 0.0631061
3.85626e-05, 0.0622398
3.85926e-05, 0.0616716
3.86226e-05, 0.0614382
3.86526e-05, 0.0615526
3.86826e-05, 0.0620022
3.87126e-05, 0.0627507
3.87426e-05, 0.063742
3.87726e-05, 0.0649061
3.88026e-05, 0.0661655
3.88326e-05, 0.0674406
3.88626e-05, 0.0686545
3.88925e-05, 0.0697365
3.89225e-05, 0.0706242
3.89525e-05, 0.0712654
3.89825e-05, 0.0716184
3.90125e-05, 0.0716531
3.90425e-05, 0.071351
3.90725e-05, 0.0707054
3.91025e-05, 0.0697219
3.91325e-05, 0.0684181
3.91625e-05, 0.0668245
3.91925e-05, 0.0649846
3.92225e-05, 0.062955
3.92525e-05, 0.0608057
3.92825e-05, 0.0586197
3.93125e-05, 0.0564916
3.93425e-05, 0.0545243
3.93724e-05, 0.0528238
3.94024e-05, 0.0514905
3.94324e-05, 0.0506081
3.94624e-05, 0.050232
3.94924e-05, 0.0503798
3.95224e-05, 0.0510278
3.95524e-05, 0.0521147
3.95824e-05, 0.0535512
3.96124e-05, 0.0552318
3.96424e-05, 0.057046
3.96724e-05, 0.0588868
3.97024e-05, 0.0606563
3.97324e-05, 0.0622685
3.97624e-05, 0.0636505
3.97924e-05, 0.0647425
3.98224e-05, 0.0654977
3.98523e-05, 0.0658814
3.98823e-05, 0.0658701
3.99123e-05, 0.0654514
3.99423e-05, 0.0646229
3.99723e-05, 0.0633916
4.00023e-05, 0.0617746
4.00323e-05, 0.0597979
4.00623e-05, 0.0574979
4.00923e-05, 0.0549214
4.01223e-05, 0.0521277
4.01523e-05, 0.0491901
4.01823e-05, 0.0461991
4.02123e-05, 0.0432655
4.02423e-05, 0.0405226
4.02723e-05, 0.0381262
4.03023e-05, 0.0362455
4.03322e-05, 0.0350435
4.03622e-05, 0.0346432
4.03922e-05, 0.0350929
4.04222e-05, 0.0363501
4.04522e-05, 0.0382947
4.04822e-05, 0.0407625
4.05122e-05, 0.0435786
4.05422e-05, 0.0465786
4.05722e-05, 0.0496182
4.06022e-05, 0.0525746
4.06322e-05, 0.0553448
4.06622e-05, 0.0578433
4.06922e-05, 0.0599995
4.07222e-05, 0.061756
4.07522e-05, 0.0630678
4.07822e-05, 0.0639009
4.08121e-05, 0.0642326
4.08421e-05, 0.0640505
4.08721e-05, 0.0633531
4.09021e-05, 0.0621489
4.09321e-05, 0.0604574
4.09621e-05, 0.0583081
4.09921e-05, 0.0557415
4.10221e-05, 0.0528095
4.10521e-05, 0.0495758
4.10821e-05, 0.0461181
4.11121e-05, 0.0425307
4.11421e-05, 0.0389285
4.11721e-05, 0.0354527
4.12021e-05, 0.0322768
4.12321e-05, 0.0296073
4.12621e-05, 0.0276692
4.1292e-05, 0.026662
4.1322e-05, 0.0266907
4.1352e-05, 0.0277174
4.1382e-05, 0.0295774
4.1412e-05, 0.032048
4.1442e-05, 0.0349129
4.1472e-05, 0.037992
4.1502e-05, 0.0411463
4.1532e-05, 0.044271
4.1562e-05, 0.0472871
4.1592e-05, 0.0501336
4.1622e-05, 0.0527621
4.1652e-05, 0.0551328
4.1682e-05, 0.0572121
4.1712e-05, 0.0589706
4.1742e-05, 0.0603826
4.17719e-05, 0.061426
4.18019e-05, 0.0620821
4.18319e-05, 0.0623366
4.18619e-05, 0.0621806
4.18919e-05, 0.0616117
4.19219e-05, 0.0606356
4.19519e-05, 0.0592679
4.19819e-05, 0.057536
4.20119e-05, 0.0554815
4.20419e-05, 0.0531629
4.20719e-05, 0.0506588
4.21019e-05, 0.0480709
4.21319e-05, 0.0455269
4.21619e-05, 0.0431811
4.21919e-05, 0.0412089
4.22219e-05, 0.0397923
4.22518e-05, 0.0390918
4.22818e-05, 0.0392109
4.23118e-05, 0.0401677
4.23418e-05, 0.0418902
4.23718e-05, 0.0442386
4.24018e-05, 0.0470391
4.24318e-05, 0.0501138
4.24618e-05, 0.0532982
4.24918e-05, 0.0564489
4.25218e-05, 0.0594455
4.25518e-05, 0.0621891
4.25818e-05, 0.0645998
4.26118e-05, 0.0666156
4.26418e-05, 0.0681898
4.26718e-05, 0.0692902
4.27018e-05, 0.0698977
4.27317e-05, 0.0700059
4.27617e-05, 0.0696202
4.27917e-05, 0.0687575
4.28217e-05, 0.0674454
4.28517e-05, 0.0657221
4.28817e-05, 0.0636363
4.29117e-05, 0.0612467
4.29417e-05, 0.0586218
4.29717e-05, 0.0558403
4.30017e-05, 0.0529896
4.30317e-05, 0.0501659
4.30617e-05, 0.0474717
4.30917e-05, 0.0450121
4.31217e-05, 0.042888
4.31517e-05, 0.0411871
4.31817e-05, 0.0399717
4.32116e-05, 0.0392679
4.32416e-05, 0.0390601
4.32716e-05, 0.0392923
4.33016e-05, 0.0398787
4.33316e-05, 0.0407172
4.33616e-05, 0.0417031
4.33916e-05, 0.0427389
4.34216e-05, 0.04374
4.34516e-05, 0.0446371
4.34816e-05, 0.0453764
4.35116e-05, 0.0459188
4.35416e-05, 0.0462384
4.35716e-05, 0.0463205
4.36016e-05, 0.0461609
4.36316e-05, 0.0457637
4.36616e-05, 0.0451406
4.36915e-05, 0.0443095
4.37215e-05, 0.0432937
4.37515e-05, 0.0421209
4.37815e-05, 0.0408226
4.38115e-05, 0.0394332
4.38415e-05, 0.0379891
4.38715e-05, 0.0365284
4.39015e-05, 0.0350898
4.39315e-05, 0.0337114
4.39615e-05, 0.0324298
4.39915e-05, 0.0312781
4.40215e-05, 0.0302846
4.40515e-05, 0.0294705
4.40815e-05, 0.0288488
4.41115e-05, 0.0284225
4.41415e-05, 0.0281854
4.41714e-05, 0.0281221
4.42014e-05, 0.0282104
4.42314e-05, 0.0284234
4.42614e-05, 0.028732
4.42914e-05, 0.029107
4.43214e-05, 0.0295206
4.43514e-05, 0.0299477
4.43814e-05, 0.0303664
4.44114e-05, 0.0307583
4.44414e-05, 0.0311083
4.44714e-05, 0.0314046
4.45014e-05, 0.0316384
4.45314e-05, 0.0318033
4.45614e-05, 0.0318955
4.45914e-05, 0.0319132
4.46214e-05, 0.0318563
4.46513e-05, 0.0317264
4.46813e-05, 0.0315264
4.47113e-05, 0.03126
4.47413e-05, 0.0309324
4.47713e-05, 0.0305493
4.48013e-05, 0.0301169
4.48313e-05, 0.0296424
4.48613e-05, 0.0291329
4.48913e-05, 0.0285963
4.49213e-05, 0.0280403
4.49513e-05, 0.0274729
4.49813e-05, 0.0269021
4.50113e-05, 0.0263357
4.50413e-05, 0.0257815
4.50713e-05, 0.0252469
4.51013e-05, 0.0247387
4.51312e-05, 0.0242635
4.51612e-05, 0.0238271
4.51912e-05, 0.0234345
4.52212e-05, 0.02309
4.52512e-05, 0.0227969
4.52812e-05, 0.0225575
4.53112e-05, 0.0223732
4.53412e-05, 0.0222442
4.53712e-05, 0.0221699
4.54012e-05, 0.0221487
4.54312e-05, 0.0221784
4.54612e-05, 0.0222558
4.54912e-05, 0.0223774
4.55212e-05, 0.0225393
4.55512e-05, 0.0227371
4.55812e-05, 0.0229665
4.56111e-05, 0.023223
4.56411e-05, 0.023502
4.56711e-05, 0.0237991
4.57011e-05, 0.0241098
4.57311e-05, 0.0244301
4.57611e-05, 0.0247558
4.57911e-05, 0.025083
4.58211e-05, 0.0254078
4.58511e-05, 0.0257265
4.58811e-05, 0.0260357
4.59111e-05, 0.026332
4.59411e-05, 0.0266122
4.59711e-05, 0.026873
4.60011e-05, 0.0271116
4.60311e-05, 0.0273251
4.60611e-05, 0.0275108
4.6091e-05, 0.0276662
4.6121e-05, 0.027789
4.6151e-05, 0.027877
4.6181e-05, 0.0279282
4.6211e-05, 0.027941
4.6241e-05, 0.0279138
4.6271e-05, 0.0278454
4.6301e-05, 0.0277348
4.6331e-05, 0.0275813
4.6361e-05, 0.0273844
4.6391e-05, 0.0271439
4.6421e-05, 0.0268601
4.6451e-05, 0.0265333
4.6481e-05, 0.0261642
4.6511e-05, 0.0257538
4.6541e-05, 0.0253035
4.65709e-05, 0.0248148
4.66009e-05, 0.0242895
4.66309e-05, 0.0237298
4.66609e-05, 0.0231382
4.66909e-05, 0.0225173
4.67209e-05, 0.0218701
4.67509e-05, 0.0211998
4.67809e-05, 0.0205101
4.68109e-05, 0.0198047
4.68409e-05, 0.0190878
4.68709e-05, 0.0183638
4.69009e-05, 0.0176376
4.69309e-05, 0.0169141
4.69609e-05, 0.0161987
4.69909e-05, 0.0154973
4.70209e-05, 0.0148157
4.70508e-05, 0.0141603
4.70808e-05, 0.0135375
4.71108e-05, 0.0129537
4.71408e-05, 0.0124155
4.71708e-05, 0.0119288
4.72008e-05, 0.0114991
4.72308e-05, 0.0111309
4.72608e-05, 0.0108275
4.72908e-05, 0.0105903
4.73208e-05, 0.0104192
4.73508e-05, 0.0103118
4.73808e-05, 0.0102641
4.74108e-05, 0.0102706
4.74408e-05, 0.0103243
4.74708e-05, 0.0104178
4.75008e-05, 0.0105432
4.75307e-05, 0.0106926
4.75607e-05, 0.0108587
4.75907e-05, 0.0110346
4.76207e-05, 0.0112141
4.76507e-05, 0.0113915
4.76807e-05, 0.0115622
4.77107e-05, 0.011722
4.77407e-05, 0.0118674
4.77707e-05, 0.0119956
4.78007e-05, 0.0121042
4.78307e-05, 0.0121915
4.78607e-05, 0.0122559
4.78907e-05, 0.0122966
4.79207e-05, 0.0123129
4.79507e-05, 0.0123045
4.79807e-05, 0.0122713
4.80106e-05, 0.0122138
4.80406e-05, 0.0121322
4.80706e-05, 0.0120274
4.81006e-05, 0.0119002
4.81306e-05, 0.0117515
4.81606e-05, 0.0115825
4.81906e-05, 0.0113945
4.82206e-05, 0.0111887
4.82506e-05, 0.0109665
4.82806e-05, 0.0107293
4.83106e-05, 0.0104785
4.83406e-05, 0.0102156
4.83706e-05, 0.00994197
4.84006e-05, 0.00965909
4.84306e-05, 0.00936829
4.84606e-05, 0.00907093
4.84905e-05, 0.00876832
4.85205e-05, 0.00846167
4.85505e-05, 0.00815218
4.85805e-05, 0.00784089
4.86105e-05, 0.00752883
4.86405e-05, 0.00721689
4.86705e-05, 0.00690583
4.87005e-05, 0.00659629
4.87305e-05, 0.00628883
4.87605e-05, 0.00598382
4.87905e-05, 0.00568153
4.88205e-05, 0.00538207
4.88505e-05, 0.0050854
4.88805e-05, 0.0047914
4.89105e-05, 0.00449969
4.89405e-05, 0.00420993
4.89704e-05, 0.00392157
4.90004e-05, 0.00363398
4.90304e-05, 0.00334654
4.90604e-05, 0.00305845
4.90904e-05, 0.00276902
4.91204e-05, 0.00247747
4.91504e-05, 0.00218313
4.91804e-05, 0.00188549
4.92104e-05, 0.00158413
4.92404e-05, 0.0012793
4.92704e-05, 0.000972394
4.93004e-05, 0.00066888
4.93304e-05, 0.000393756
4.93604e-05, 0.000287866
4.93904e-05, 0.000496518
4.94204e-05, 0.000814062
4.94503e-05, 0.00116132
4.94803e-05, 0.00152384
4.95103e-05, 0.00189749
4.95403e-05, 0.00228056
4.95703e-05, 0.0026721
4.96003e-05, 0.00307139
4.96303e-05, 0.00347774
4.96603e-05, 0.0038905
4.96903e-05, 0.00430904
4.97203e-05, 0.00473261
4.97503e-05, 0.00516047
4.97803e-05, 0.00559181
4.98103e-05, 0.0060258
4.98403e-05, 0.00646156
4.98703e-05, 0.00689811
4.99003e-05, 0.00733451
4.99302e-05, 0.00776977
4.99602e-05, 0.00820282
4.99902e-05, 0.00863267
5.00202e-05, 0.00905819
5.00502e-05, 0.00947838
5.00802e-05, 0.00989217
5.01102e-05, 0.0102985
5.01402e-05, 0.0106964
5.01702e-05, 0.0110848
5.02002e-05, 0.0114629
5.02302e-05, 0.0118296
5.02602e-05, 0.0121842
5.02902e-05, 0.0125259
5.03202e-05, 0.0128538
5.03502e-05, 0.0131672
5.03802e-05, 0.0134655
5.04101e-05, 0.013748
5.04401e-05, 0.0140142
5.04701e-05, 0.0142634
5.05001e-05, 0.0144953
5.05301e-05, 0.0147092
5.05601e-05, 0.0149048
5.05901e-05, 0.0150817
5.06201e-05, 0.0152396
5.06501e-05, 0.0153782
5.06801e-05, 0.0154972
5.07101e-05, 0.0155965
5.07401e-05, 0.0156761
5.07701e-05, 0.0157358
5.08001e-05, 0.0157758
5.08301e-05, 0.0157961
5.08601e-05, 0.015797
5.089e-05, 0.0157787
5.092e-05, 0.0157415
5.095e-05, 0.0156858
5.098e-05, 0.015612
5.101e-05, 0.0155205
5.104e-05, 0.0154119
5.107e-05, 0.0152866
5.11e-05, 0.0151453


