

x(m), Y
-9.00747e-06, 0.0163595
-8.97748e-06, 0.0171631
-8.94748e-06, 0.018072
-8.91749e-06, 0.0190786
-8.88749e-06, 0.0201723
-8.8575e-06, 0.0213386
-8.82751e-06, 0.0225602
-8.79751e-06, 0.0238165
-8.76752e-06, 0.0250852
-8.73753e-06, 0.0263425
-8.70753e-06, 0.0275651
-8.67754e-06, 0.0287317
-8.64754e-06, 0.0298243
-8.61755e-06, 0.0308307
-8.58756e-06, 0.031746
-8.55756e-06, 0.0325741
-8.52757e-06, 0.0333287
-8.49758e-06, 0.0340336
-8.46758e-06, 0.0347213
-8.43759e-06, 0.0354309
-8.40759e-06, 0.0362043
-8.3776e-06, 0.0370811
-8.34761e-06, 0.0380928
-8.31761e-06, 0.0392585
-8.28762e-06, 0.0405808
-8.25763e-06, 0.0420454
-8.22763e-06, 0.0436218
-8.19764e-06, 0.0452676
-8.16764e-06, 0.0469327
-8.13765e-06, 0.0485641
-8.10766e-06, 0.0501115
-8.07766e-06, 0.0515305
-8.04767e-06, 0.0527863
-8.01768e-06, 0.0538558
-7.98768e-06, 0.0547285
-7.95769e-06, 0.0554072
-7.92769e-06, 0.0559064
-7.8977e-06, 0.0562516
-7.86771e-06, 0.0564758
-7.83771e-06, 0.0566165
-7.80772e-06, 0.0567123
-7.77773e-06, 0.0567985
-7.74773e-06, 0.0569043
-7.71774e-06, 0.0570499
-7.68774e-06, 0.0572458
-7.65775e-06, 0.0574928
-7.62776e-06, 0.0577836
-7.59776e-06, 0.0581054
-7.56777e-06, 0.0584424
-7.53778e-06, 0.0587793
-7.50778e-06, 0.0591024
-7.47779e-06, 0.0594014
-7.44779e-06, 0.0596694
-7.4178e-06, 0.0599019
-7.38781e-06, 0.0600953
-7.35781e-06, 0.0602449
-7.32782e-06, 0.0603431
-7.29783e-06, 0.0603781
-7.26783e-06, 0.0603331
-7.23784e-06, 0.0601866
-7.20784e-06, 0.0599141
-7.17785e-06, 0.0594901
-7.14786e-06, 0.0588908
-7.11786e-06, 0.0580976
-7.08787e-06, 0.0570998
-7.05788e-06, 0.055897
-7.02788e-06, 0.0545019
-6.99789e-06, 0.0529405
-6.96789e-06, 0.0512528
-6.9379e-06, 0.0494908
-6.90791e-06, 0.0477162
-6.87791e-06, 0.0459952
-6.84792e-06, 0.0443921
-6.81793e-06, 0.0429618
-6.78793e-06, 0.0417411
-6.75794e-06, 0.0407428
-6.72794e-06, 0.0399523
-6.69795e-06, 0.0393286
-6.66796e-06, 0.0388102
-6.63796e-06, 0.0383235
-6.60797e-06, 0.0377923
-6.57798e-06, 0.0371461
-6.54798e-06, 0.0363262
-6.51799e-06, 0.0352901
-6.48799e-06, 0.0340132
-6.458e-06, 0.0324897
-6.42801e-06, 0.0307318
-6.39801e-06, 0.028769
-6.36802e-06, 0.026646
-6.33803e-06, 0.0244225
-6.30803e-06, 0.022171
-6.27804e-06, 0.0199761
-6.24804e-06, 0.0179326
-6.21805e-06, 0.0161414
-6.18806e-06, 0.0146986
-6.15806e-06, 0.0136763
-6.12807e-06, 0.0130963
-6.09808e-06, 0.0129148
-6.06808e-06, 0.0130325
-6.03809e-06, 0.0133251
-6.00809e-06, 0.0136755
-5.9781e-06, 0.0139897
-5.94811e-06, 0.014201
-5.91811e-06, 0.0142671
-5.88812e-06, 0.0141661
-5.85813e-06, 0.013893
-5.82813e-06, 0.0134577
-5.79814e-06, 0.012884
-5.76814e-06, 0.012211
-5.73815e-06, 0.0114944
-5.70816e-06, 0.0108084
-5.67816e-06, 0.010244
-5.64817e-06, 0.00989907
-5.61818e-06, 0.009855
-5.58818e-06, 0.0101471
-5.55819e-06, 0.0107493
-5.52819e-06, 0.0115868
-5.4982e-06, 0.0125635
-5.46821e-06, 0.0135846
-5.43821e-06, 0.014568
-5.40822e-06, 0.0154481
-5.37823e-06, 0.0161768
-5.34823e-06, 0.0167228
-5.31824e-06, 0.0170731
-5.28824e-06, 0.017233
-5.25825e-06, 0.0172275
-5.22826e-06, 0.0171015
-5.19826e-06, 0.0169189
-5.16827e-06, 0.0167582
-5.13828e-06, 0.0167037
-5.10828e-06, 0.0168314
-5.07829e-06, 0.0171919
-5.04829e-06, 0.0177974
-5.0183e-06, 0.0186191
-4.98831e-06, 0.0195955
-4.95831e-06, 0.0206462
-4.92832e-06, 0.021686
-4.89833e-06, 0.0226354
-4.86833e-06, 0.0234263
-4.83834e-06, 0.0240065
-4.80834e-06, 0.0243408
-4.77835e-06, 0.0244122
-4.74836e-06, 0.0242223
-4.71836e-06, 0.0237906
-4.68837e-06, 0.023154
-4.65838e-06, 0.0223652
-4.62838e-06, 0.0214897
-4.59839e-06, 0.020602
-4.56839e-06, 0.019778
-4.5384e-06, 0.0190863
-4.50841e-06, 0.0185767
-4.47841e-06, 0.0182713
-4.44842e-06, 0.0181599
-4.41843e-06, 0.0182042
-4.38843e-06, 0.0183483
-4.35844e-06, 0.0185313
-4.32845e-06, 0.0186989
-4.29845e-06, 0.0188099
-4.26846e-06, 0.0188402
-4.23846e-06, 0.018783
-4.20847e-06, 0.0186468
-4.17848e-06, 0.0184521
-4.14848e-06, 0.018227
-4.11849e-06, 0.0180017
-4.0885e-06, 0.017803
-4.0585e-06, 0.0176496
-4.02851e-06, 0.0175495
-3.99851e-06, 0.0174998
-3.96852e-06, 0.0174891
-3.93853e-06, 0.017503
-3.90853e-06, 0.0175286
-3.87854e-06, 0.01756
-3.84855e-06, 0.0176019
-3.81855e-06, 0.0176698
-3.78856e-06, 0.0177896
-3.75856e-06, 0.0179925
-3.72857e-06, 0.0183085
-3.69858e-06, 0.0187596
-3.66858e-06, 0.0193531
-3.63859e-06, 0.0200788
-3.6086e-06, 0.0209106
-3.5786e-06, 0.02181
-3.54861e-06, 0.022733
-3.51861e-06, 0.0236357
-3.48862e-06, 0.0244795
-3.45863e-06, 0.0252351
-3.42863e-06, 0.0258845
-3.39864e-06, 0.0264219
-3.36865e-06, 0.0268535
-3.33865e-06, 0.0271949
-3.30866e-06, 0.0274687
-3.27866e-06, 0.0276998
-3.24867e-06, 0.027911
-3.21868e-06, 0.0281177
-3.18868e-06, 0.0283248
-3.15869e-06, 0.0285245
-3.1287e-06, 0.0286962
-3.0987e-06, 0.0288096
-3.06871e-06, 0.0288283
-3.03871e-06, 0.0287148
-3.00872e-06, 0.0284363
-2.97873e-06, 0.0279683
-2.94873e-06, 0.0273004
-2.91874e-06, 0.0264388
-2.88875e-06, 0.02541
-2.85875e-06, 0.024263
-2.82876e-06, 0.0230708
-2.79876e-06, 0.0219294
-2.76877e-06, 0.0209522
-2.73878e-06, 0.0202567
-2.70878e-06, 0.0199404
-2.67879e-06, 0.0200549
-2.6488e-06, 0.0205877
-2.6188e-06, 0.0214667
-2.58881e-06, 0.0225815
-2.55881e-06, 0.0238102
-2.52882e-06, 0.0250381
-2.49883e-06, 0.0261673
-2.46883e-06, 0.0271204
-2.43884e-06, 0.0278397
-2.40885e-06, 0.0282856
-2.37885e-06, 0.0284345
-2.34886e-06, 0.0282763
-2.31886e-06, 0.0278128
-2.28887e-06, 0.027055
-2.25888e-06, 0.0260223
-2.22888e-06, 0.0247407
-2.19889e-06, 0.0232426
-2.1689e-06, 0.0215668
-2.1389e-06, 0.0197609
-2.10891e-06, 0.0178839
-2.07891e-06, 0.0160135
-2.04892e-06, 0.014255
-2.01893e-06, 0.0127514
-1.98893e-06, 0.0116827
-1.95894e-06, 0.0112276
-1.92895e-06, 0.0114764
-1.89895e-06, 0.0123672
-1.86896e-06, 0.0137244
-1.83896e-06, 0.015349
-1.80897e-06, 0.0170722
-1.77898e-06, 0.0187643
-1.74898e-06, 0.0203281
-1.71899e-06, 0.0216906
-1.689e-06, 0.0227979
-1.659e-06, 0.0236126
-1.62901e-06, 0.024113
-1.59901e-06, 0.024293
-1.56902e-06, 0.024163
-1.53903e-06, 0.0237505
-1.50903e-06, 0.0231017
-1.47904e-06, 0.022282
-1.44905e-06, 0.0213769
-1.41905e-06, 0.0204896
-1.38906e-06, 0.0197358
-1.35906e-06, 0.0192303
-1.32907e-06, 0.0190666
-1.29908e-06, 0.0192947
-1.26908e-06, 0.0199079
-1.23909e-06, 0.0208479
-1.2091e-06, 0.0220239
-1.1791e-06, 0.0233351
-1.14911e-06, 0.0246857
-1.11911e-06, 0.0259931
-1.08912e-06, 0.02719
-1.05913e-06, 0.0282238
-1.02913e-06, 0.0290539
-9.99139e-07, 0.0296498
-9.69145e-07, 0.0299884
-9.39152e-07, 0.0300523
-9.09158e-07, 0.0298281
-8.79164e-07, 0.0293052
-8.4917e-07, 0.0284757
-8.19177e-07, 0.0273339
-7.89183e-07, 0.0258772
-7.59189e-07, 0.0241066
-7.29195e-07, 0.0220277
-6.99202e-07, 0.0196525
-6.69208e-07, 0.0170003
-6.39214e-07, 0.0141005
-6.0922e-07, 0.0109976
-5.79227e-07, 0.00776931
-5.49233e-07, 0.00462122
-5.19239e-07, 0.00267384
-4.89245e-07, 0.00442513
-4.59252e-07, 0.00767387
-4.29258e-07, 0.0111179
-3.99264e-07, 0.0145135
-3.6927e-07, 0.0177608
-3.39277e-07, 0.0207936
-3.09283e-07, 0.0235606
-2.79289e-07, 0.0260211
-2.49295e-07, 0.0281445
-2.19302e-07, 0.0299102
-1.89308e-07, 0.0313069
-1.59314e-07, 0.032333
-1.2932e-07, 0.0329954
-9.93266e-08, 0.0333087
-6.93329e-08, 0.033294
-3.93392e-08, 0.0329782
-9.3454e-09, 0.0323926
2.06483e-08, 0.031573
5.06421e-08, 0.0305594
8.06358e-08, 0.0293976
1.1063e-07, 0.0281403
1.40623e-07, 0.0268509
1.70617e-07, 0.0256057
2.00611e-07, 0.0244963
2.30605e-07, 0.0236278
2.60598e-07, 0.0231103
2.90592e-07, 0.0230411
3.20586e-07, 0.0234827
3.5058e-07, 0.0244442
3.80573e-07, 0.02588
4.10567e-07, 0.027703
4.40561e-07, 0.0298044
4.70555e-07, 0.032071
5.00548e-07, 0.0343954
5.30542e-07, 0.036681
5.60536e-07, 0.0388443
5.9053e-07, 0.0408146
6.20523e-07, 0.0425348
6.50517e-07, 0.0439603
6.80511e-07, 0.0450588
7.10505e-07, 0.0458096
7.40498e-07, 0.0462025
7.70492e-07, 0.0462364
8.00486e-07, 0.0459182
8.3048e-07, 0.0452607
8.60473e-07, 0.0442809
8.90467e-07, 0.0429988
9.20461e-07, 0.0414357
9.50455e-07, 0.0396135
9.80448e-07, 0.037555
1.01044e-06, 0.0352847
1.04044e-06, 0.0328309
1.07043e-06, 0.0302296
1.10042e-06, 0.0275309
1.13042e-06, 0.0248077
1.16041e-06, 0.0221706
1.1904e-06, 0.019786
1.2204e-06, 0.0178926
1.25039e-06, 0.0167855
1.28039e-06, 0.0167199
1.31038e-06, 0.0177622
1.34037e-06, 0.0197464
1.37037e-06, 0.0223921
1.40036e-06, 0.0254305
1.43035e-06, 0.0286509
1.46035e-06, 0.0318981
1.49034e-06, 0.0350583
1.52034e-06, 0.038047
1.55033e-06, 0.0408023
1.58032e-06, 0.0432799
1.61032e-06, 0.0454506
1.64031e-06, 0.0472984
1.6703e-06, 0.0488189
1.7003e-06, 0.0500181
1.73029e-06, 0.0509104
1.76029e-06, 0.0515178
1.79028e-06, 0.0518679
1.82027e-06, 0.0519923
1.85027e-06, 0.0519254
1.88026e-06, 0.0517033
1.91025e-06, 0.0513619
1.94025e-06, 0.0509368
1.97024e-06, 0.0504619
2.00024e-06, 0.0499684
2.03023e-06, 0.0494844
2.06022e-06, 0.0490335
2.09022e-06, 0.0486336
2.12021e-06, 0.0482964
2.1502e-06, 0.0480254
2.1802e-06, 0.0478165
2.21019e-06, 0.047657
2.24019e-06, 0.0475265
2.27018e-06, 0.0473984
2.30017e-06, 0.0472416
2.33017e-06, 0.0470229
2.36016e-06, 0.0467095
2.39015e-06, 0.0462715
2.42015e-06, 0.0456845
2.45014e-06, 0.044931
2.48014e-06, 0.0440031
2.51013e-06, 0.0429036
2.54012e-06, 0.0416472
2.57012e-06, 0.0402624
2.60011e-06, 0.0387924
2.6301e-06, 0.0372971
2.6601e-06, 0.0358537
2.69009e-06, 0.0345571
2.72009e-06, 0.0335171
2.75008e-06, 0.0328509
2.78007e-06, 0.0326696
2.81007e-06, 0.0330603
2.84006e-06, 0.034068
2.87005e-06, 0.0356882
2.90005e-06, 0.0378697
2.93004e-06, 0.0405282
2.96004e-06, 0.0435607
2.99003e-06, 0.0468579
3.02002e-06, 0.0503112
3.05002e-06, 0.0538162
3.08001e-06, 0.0572745
3.11e-06, 0.0605944
3.14e-06, 0.0636912
3.16999e-06, 0.0664878
3.19999e-06, 0.0689159
3.22998e-06, 0.0709166
3.25997e-06, 0.0724411
3.28997e-06, 0.0734519
3.31996e-06, 0.0739229
3.34995e-06, 0.0738393
3.37995e-06, 0.0731978
3.40994e-06, 0.0720054
3.43994e-06, 0.0702786
3.46993e-06, 0.0680416
3.49992e-06, 0.0653248
3.52992e-06, 0.0621638
3.55991e-06, 0.058597
3.5899e-06, 0.0546658
3.6199e-06, 0.0504145
3.64989e-06, 0.0458917
3.67989e-06, 0.0411551
3.70988e-06, 0.0362801
3.73987e-06, 0.0313768
3.76987e-06, 0.0266243
3.79986e-06, 0.0223361
3.82985e-06, 0.0190602
3.85985e-06, 0.0175878
3.88984e-06, 0.0185077
3.91984e-06, 0.0215889
3.94983e-06, 0.0260817
3.97982e-06, 0.0313368
4.00982e-06, 0.0369405
4.03981e-06, 0.0426338
4.0698e-06, 0.048241
4.0998e-06, 0.0536313
4.12979e-06, 0.0587009
4.15979e-06, 0.0633654
4.18978e-06, 0.0675565
4.21977e-06, 0.0712201
4.24977e-06, 0.0743164
4.27976e-06, 0.0768196
4.30975e-06, 0.0787169
4.33975e-06, 0.0800084
4.36974e-06, 0.0807056
4.39974e-06, 0.08083
4.42973e-06, 0.0804114
4.45972e-06, 0.0794861
4.48972e-06, 0.078095
4.51971e-06, 0.0762822
4.5497e-06, 0.0740939
4.5797e-06, 0.0715775
4.60969e-06, 0.0687821
4.63969e-06, 0.0657589
4.66968e-06, 0.062563
4.69967e-06, 0.0592554
4.72967e-06, 0.0559062
4.75966e-06, 0.0525969
4.78965e-06, 0.049423
4.81965e-06, 0.0464954
4.84964e-06, 0.0439368
4.87964e-06, 0.0418742
4.90963e-06, 0.0404227
4.93962e-06, 0.0396634
4.96962e-06, 0.0396232
4.99961e-06, 0.0402647
5.0296e-06, 0.0414939
5.0596e-06, 0.0431811
5.08959e-06, 0.0451851
5.11959e-06, 0.0473719
5.14958e-06, 0.0496255
5.17957e-06, 0.0518529
5.20957e-06, 0.0539839
5.23956e-06, 0.05597
5.26955e-06, 0.0577811
5.29955e-06, 0.0594036
5.32954e-06, 0.0608371
5.35954e-06, 0.0620917
5.38953e-06, 0.0631858
5.41952e-06, 0.0641431
5.44952e-06, 0.0649909
5.47951e-06, 0.0657571
5.5095e-06, 0.0664686
5.5395e-06, 0.0671492
5.56949e-06, 0.067818
5.59949e-06, 0.0684875
5.62948e-06, 0.0691632
5.65947e-06, 0.0698425
5.68947e-06, 0.0705145
5.71946e-06, 0.0711606
5.74945e-06, 0.0717555
5.77945e-06, 0.072268
5.80944e-06, 0.0726632
5.83944e-06, 0.0729046
5.86943e-06, 0.0729557
5.89942e-06, 0.0727829
5.92942e-06, 0.072357
5.95941e-06, 0.0716555
5.9894e-06, 0.0706644
6.0194e-06, 0.0693795
6.04939e-06, 0.0678077
6.07939e-06, 0.0659685
6.10938e-06, 0.0638945
6.13937e-06, 0.0616332
6.16937e-06, 0.0592475
6.19936e-06, 0.0568178
6.22935e-06, 0.054442
6.25935e-06, 0.0522365
6.28934e-06, 0.0503336
6.31934e-06, 0.0488747
6.34933e-06, 0.0479982
6.37932e-06, 0.0478205
6.40932e-06, 0.0484162
6.43931e-06, 0.0498033
6.4693e-06, 0.0519402
6.4993e-06, 0.0547361
6.52929e-06, 0.0580675
6.55929e-06, 0.0617949
6.58928e-06, 0.0657755
6.61927e-06, 0.06987
6.64927e-06, 0.0739473
6.67926e-06, 0.0778852
6.70925e-06, 0.0815721
6.73925e-06, 0.084907
6.76924e-06, 0.0878001
6.79924e-06, 0.0901746
6.82923e-06, 0.0919663
6.85922e-06, 0.0931257
6.88922e-06, 0.0936176
6.91921e-06, 0.0934223
6.9492e-06, 0.0925354
6.9792e-06, 0.0909672
7.00919e-06, 0.0887429
7.03919e-06, 0.0859014
7.06918e-06, 0.0824944
7.09917e-06, 0.0785861
7.12917e-06, 0.0742529
7.15916e-06, 0.0695847
7.18915e-06, 0.0646869
7.21915e-06, 0.0596851
7.24914e-06, 0.054733
7.27914e-06, 0.0500226
7.30913e-06, 0.0457954
7.33912e-06, 0.0423461
7.36912e-06, 0.040001
7.39911e-06, 0.0390498
7.4291e-06, 0.0396433
7.4591e-06, 0.0417241
7.48909e-06, 0.0450553
7.51909e-06, 0.049318
7.54908e-06, 0.0541972
7.57907e-06, 0.0594207
7.60907e-06, 0.0647666
7.63906e-06, 0.0700549
7.66905e-06, 0.0751394
7.69905e-06, 0.0798994
7.72904e-06, 0.0842353
7.75904e-06, 0.0880658
7.78903e-06, 0.0913257
7.81902e-06, 0.0939655
7.84902e-06, 0.0959505
7.87901e-06, 0.09726
7.909e-06, 0.0978869
7.939e-06, 0.0978367
7.96899e-06, 0.0971268
7.99899e-06, 0.0957848
8.02898e-06, 0.093848
8.05897e-06, 0.0913626
8.08897e-06, 0.0883827
8.11896e-06, 0.0849708
8.14895e-06, 0.0811977
8.17895e-06, 0.0771446
8.20894e-06, 0.072905
8.23894e-06, 0.0685878
8.26893e-06, 0.0643211
8.29892e-06, 0.0602557
8.32892e-06, 0.0565661
8.35891e-06, 0.0534461
8.3889e-06, 0.051093
8.4189e-06, 0.0496789
8.44889e-06, 0.0493125
8.47889e-06, 0.050007
8.50888e-06, 0.0516744
8.53887e-06, 0.0541488
8.56887e-06, 0.0572263
8.59886e-06, 0.0606993
8.62885e-06, 0.0643797
8.65885e-06, 0.0681084
8.68884e-06, 0.0717566
8.71884e-06, 0.0752246
8.74883e-06, 0.0784381
8.77882e-06, 0.0813449
8.80882e-06, 0.083912
8.83881e-06, 0.0861224
8.8688e-06, 0.0879727
8.8988e-06, 0.0894707
8.92879e-06, 0.0906332
8.95879e-06, 0.0914841
8.98878e-06, 0.0920517
9.01877e-06, 0.0923682
9.04877e-06, 0.0924672
9.07876e-06, 0.0923822
9.10875e-06, 0.0921462
9.13875e-06, 0.0917896
9.16874e-06, 0.0913397
9.19874e-06, 0.0908194
9.22873e-06, 0.0902468
9.25872e-06, 0.089634
9.28872e-06, 0.0889873
9.31871e-06, 0.0883065
9.3487e-06, 0.087586
9.3787e-06, 0.0868149
9.40869e-06, 0.0859789
9.43868e-06, 0.0850613
9.46868e-06, 0.084046
9.49867e-06, 0.0829191
9.52867e-06, 0.0816716
9.55866e-06, 0.0803018
9.58865e-06, 0.0788174
9.61865e-06, 0.0772375
9.64864e-06, 0.0755943
9.67863e-06, 0.0739338
9.70863e-06, 0.0723158
9.73862e-06, 0.0708132
9.76862e-06, 0.0695094
9.79861e-06, 0.0684939
9.8286e-06, 0.067856
9.8586e-06, 0.0676768
9.88859e-06, 0.0680204
9.91858e-06, 0.0689262
9.94858e-06, 0.0704037
9.97857e-06, 0.0724317
1.00086e-05, 0.0749603
1.00386e-05, 0.0779174
1.00686e-05, 0.0812143
1.00985e-05, 0.0847524
1.01285e-05, 0.0884288
1.01585e-05, 0.0921393
1.01885e-05, 0.0957816
1.02185e-05, 0.0992577
1.02485e-05, 0.102474
1.02785e-05, 0.105345
1.03085e-05, 0.107791
1.03385e-05, 0.109743
1.03685e-05, 0.111141
1.03985e-05, 0.111937
1.04285e-05, 0.112093
1.04585e-05, 0.111586
1.04885e-05, 0.110404
1.05185e-05, 0.10855
1.05485e-05, 0.10604
1.05784e-05, 0.102906
1.06084e-05, 0.0991896
1.06384e-05, 0.094952
1.06684e-05, 0.0902683
1.06984e-05, 0.0852322
1.07284e-05, 0.0799597
1.07584e-05, 0.074594
1.07884e-05, 0.0693133
1.08184e-05, 0.0643382
1.08484e-05, 0.0599372
1.08784e-05, 0.0564197
1.09084e-05, 0.0541042
1.09384e-05, 0.0532544
1.09684e-05, 0.0539984
1.09984e-05, 0.0562815
1.10284e-05, 0.0598886
1.10583e-05, 0.064516
1.10883e-05, 0.0698437
1.11183e-05, 0.0755786
1.11483e-05, 0.0814692
1.11783e-05, 0.0873062
1.12083e-05, 0.0929164
1.12383e-05, 0.0981575
1.12683e-05, 0.102913
1.12983e-05, 0.107089
1.13283e-05, 0.110613
1.13583e-05, 0.11343
1.13883e-05, 0.115503
1.14183e-05, 0.116813
1.14483e-05, 0.117356
1.14783e-05, 0.117143
1.15083e-05, 0.116199
1.15382e-05, 0.11456
1.15682e-05, 0.112277
1.15982e-05, 0.109407
1.16282e-05, 0.10602
1.16582e-05, 0.102195
1.16882e-05, 0.0980229
1.17182e-05, 0.0936046
1.17482e-05, 0.0890557
1.17782e-05, 0.0845068
1.18082e-05, 0.0801061
1.18382e-05, 0.0760192
1.18682e-05, 0.0724248
1.18982e-05, 0.069505
1.19282e-05, 0.0674262
1.19582e-05, 0.0663143
1.19882e-05, 0.0662283
1.20181e-05, 0.0671455
1.20481e-05, 0.0689642
1.20781e-05, 0.0715229
1.21081e-05, 0.0746288
1.21381e-05, 0.0780829
1.21681e-05, 0.0816979
1.21981e-05, 0.0853086
1.22281e-05, 0.0887755
1.22581e-05, 0.0919861
1.22881e-05, 0.0948536
1.23181e-05, 0.0973148
1.23481e-05, 0.099329
1.23781e-05, 0.100875
1.24081e-05, 0.10195
1.24381e-05, 0.102568
1.24681e-05, 0.102754
1.2498e-05, 0.10255
1.2528e-05, 0.102004
1.2558e-05, 0.101174
1.2588e-05, 0.100127
1.2618e-05, 0.0989292
1.2648e-05, 0.097654
1.2678e-05, 0.0963718
1.2708e-05, 0.0951511
1.2738e-05, 0.0940539
1.2768e-05, 0.0931332
1.2798e-05, 0.0924297
1.2828e-05, 0.0919688
1.2858e-05, 0.0917592
1.2888e-05, 0.0917923
1.2918e-05, 0.0920427
1.2948e-05, 0.0924704
1.29779e-05, 0.0930246
1.30079e-05, 0.0936471
1.30379e-05, 0.0942768
1.30679e-05, 0.0948542
1.30979e-05, 0.0953246
1.31279e-05, 0.0956414
1.31579e-05, 0.0957691
1.31879e-05, 0.0956841
1.32179e-05, 0.0953769
1.32479e-05, 0.0948519
1.32779e-05, 0.0941282
1.33079e-05, 0.0932388
1.33379e-05, 0.0922296
1.33679e-05, 0.0911587
1.33979e-05, 0.0900934
1.34279e-05, 0.0891078
1.34578e-05, 0.0882791
1.34878e-05, 0.0876827
1.35178e-05, 0.0873872
1.35478e-05, 0.0874482
1.35778e-05, 0.0879038
1.36078e-05, 0.08877
1.36378e-05, 0.0900387
1.36678e-05, 0.0916781
1.36978e-05, 0.0936348
1.37278e-05, 0.0958375
1.37578e-05, 0.0982024
1.37878e-05, 0.100638
1.38178e-05, 0.103049
1.38478e-05, 0.105342
1.38778e-05, 0.10743
1.39078e-05, 0.109231
1.39377e-05, 0.110675
1.39677e-05, 0.111705
1.39977e-05, 0.112274
1.40277e-05, 0.112354
1.40577e-05, 0.111929
1.40877e-05, 0.111001
1.41177e-05, 0.109587
1.41477e-05, 0.107722
1.41777e-05, 0.105455
1.42077e-05, 0.102853
1.42377e-05, 0.100001
1.42677e-05, 0.0969971
1.42977e-05, 0.0939564
1.43277e-05, 0.0910069
1.43577e-05, 0.0882872
1.43877e-05, 0.0859403
1.44176e-05, 0.0841051
1.44476e-05, 0.0829043
1.44776e-05, 0.082431
1.45076e-05, 0.0827364
1.45376e-05, 0.0838217
1.45676e-05, 0.0856379
1.45976e-05, 0.0880925
1.46276e-05, 0.0910604
1.46576e-05, 0.0943979
1.46876e-05, 0.0979535
1.47176e-05, 0.101578
1.47476e-05, 0.10513
1.47776e-05, 0.108482
1.48076e-05, 0.111518
1.48376e-05, 0.114141
1.48676e-05, 0.11627
1.48975e-05, 0.117842
1.49275e-05, 0.118811
1.49575e-05, 0.119149
1.49875e-05, 0.118849
1.50175e-05, 0.117917
1.50475e-05, 0.11638
1.50775e-05, 0.114283
1.51075e-05, 0.111686
1.51375e-05, 0.108668
1.51675e-05, 0.105325
1.51975e-05, 0.10177
1.52275e-05, 0.0981321
1.52575e-05, 0.094557
1.52875e-05, 0.0912026
1.53175e-05, 0.088234
1.53475e-05, 0.0858139
1.53774e-05, 0.0840894
1.54074e-05, 0.0831751
1.54374e-05, 0.083137
1.54674e-05, 0.0839825
1.54974e-05, 0.0856578
1.55274e-05, 0.0880573
1.55574e-05, 0.091038
1.55874e-05, 0.0944367
1.56174e-05, 0.0980849
1.56474e-05, 0.10182
1.56774e-05, 0.10549
1.57074e-05, 0.108963
1.57374e-05, 0.112123
1.57674e-05, 0.114872
1.57974e-05, 0.117135
1.58274e-05, 0.118852
1.58573e-05, 0.119984
1.58873e-05, 0.12051
1.59173e-05, 0.120424
1.59473e-05, 0.11974
1.59773e-05, 0.118487
1.60073e-05, 0.116711
1.60373e-05, 0.114472
1.60673e-05, 0.111846
1.60973e-05, 0.108923
1.61273e-05, 0.105809
1.61573e-05, 0.102619
1.61873e-05, 0.0994824
1.62173e-05, 0.0965341
1.62473e-05, 0.0939118
1.62773e-05, 0.0917476
1.63073e-05, 0.0901574
1.63372e-05, 0.0892297
1.63672e-05, 0.0890146
1.63972e-05, 0.0895171
1.64272e-05, 0.0906963
1.64572e-05, 0.09247
1.64872e-05, 0.0947255
1.65172e-05, 0.0973314
1.65472e-05, 0.100149
1.65772e-05, 0.103041
1.66072e-05, 0.105883
1.66372e-05, 0.108559
1.66672e-05, 0.110975
1.66972e-05, 0.113051
1.67272e-05, 0.114727
1.67572e-05, 0.115962
1.67872e-05, 0.116732
1.68171e-05, 0.117031
1.68471e-05, 0.116869
1.68771e-05, 0.116273
1.69071e-05, 0.115282
1.69371e-05, 0.113952
1.69671e-05, 0.112349
1.69971e-05, 0.110551
1.70271e-05, 0.108644
1.70571e-05, 0.106721
1.70871e-05, 0.104878
1.71171e-05, 0.103209
1.71471e-05, 0.101802
1.71771e-05, 0.100734
1.72071e-05, 0.100062
1.72371e-05, 0.099822
1.72671e-05, 0.100023
1.7297e-05, 0.100648
1.7327e-05, 0.101652
1.7357e-05, 0.102971
1.7387e-05, 0.104521
1.7417e-05, 0.106213
1.7447e-05, 0.107952
1.7477e-05, 0.109645
1.7507e-05, 0.111205
1.7537e-05, 0.112558
1.7567e-05, 0.11364
1.7597e-05, 0.114403
1.7627e-05, 0.114814
1.7657e-05, 0.114856
1.7687e-05, 0.11453
1.7717e-05, 0.113853
1.7747e-05, 0.112857
1.77769e-05, 0.11159
1.78069e-05, 0.110115
1.78369e-05, 0.108506
1.78669e-05, 0.106849
1.78969e-05, 0.105237
1.79269e-05, 0.103767
1.79569e-05, 0.102534
1.79869e-05, 0.101626
1.80169e-05, 0.101116
1.80469e-05, 0.101058
1.80769e-05, 0.101479
1.81069e-05, 0.102377
1.81369e-05, 0.103723
1.81669e-05, 0.105458
1.81969e-05, 0.107505
1.82269e-05, 0.109769
1.82568e-05, 0.112146
1.82868e-05, 0.114529
1.83168e-05, 0.116813
1.83468e-05, 0.118899
1.83768e-05, 0.120699
1.84068e-05, 0.122135
1.84368e-05, 0.123145
1.84668e-05, 0.123681
1.84968e-05, 0.123713
1.85268e-05, 0.123227
1.85568e-05, 0.122227
1.85868e-05, 0.120736
1.86168e-05, 0.118795
1.86468e-05, 0.116463
1.86768e-05, 0.113818
1.87068e-05, 0.110957
1.87367e-05, 0.107994
1.87667e-05, 0.105056
1.87967e-05, 0.102284
1.88267e-05, 0.0998244
1.88567e-05, 0.0978205
1.88867e-05, 0.0964014
1.89167e-05, 0.0956695
1.89467e-05, 0.0956878
1.89767e-05, 0.0964715
1.90067e-05, 0.0979858
1.90367e-05, 0.10015
1.90667e-05, 0.102847
1.90967e-05, 0.105936
1.91267e-05, 0.109267
1.91567e-05, 0.112686
1.91867e-05, 0.116046
1.92166e-05, 0.119213
1.92466e-05, 0.122068
1.92766e-05, 0.124506
1.93066e-05, 0.126444
1.93366e-05, 0.127813
1.93666e-05, 0.128567
1.93966e-05, 0.128675
1.94266e-05, 0.128127
1.94566e-05, 0.126931
1.94866e-05, 0.125114
1.95166e-05, 0.122721
1.95466e-05, 0.119815
1.95766e-05, 0.116479
1.96066e-05, 0.112816
1.96366e-05, 0.108946
1.96666e-05, 0.105009
1.96965e-05, 0.101165
1.97265e-05, 0.0975845
1.97565e-05, 0.094448
1.97865e-05, 0.0919318
1.98165e-05, 0.0901924
1.98465e-05, 0.0893478
1.98765e-05, 0.08946
1.99065e-05, 0.0905243
1.99365e-05, 0.09247
1.99665e-05, 0.0951709
1.99965e-05, 0.0984635
2.00265e-05, 0.102166
2.00565e-05, 0.106092
2.00865e-05, 0.110065
2.01165e-05, 0.113923
2.01465e-05, 0.117524
2.01764e-05, 0.120744
2.02064e-05, 0.12348
2.02364e-05, 0.125652
2.02664e-05, 0.127198
2.02964e-05, 0.128075
2.03264e-05, 0.128261
2.03564e-05, 0.127752
2.03864e-05, 0.12656
2.04164e-05, 0.124719
2.04464e-05, 0.122275
2.04764e-05, 0.119295
2.05064e-05, 0.11586
2.05364e-05, 0.112068
2.05664e-05, 0.108036
2.05964e-05, 0.103895
2.06264e-05, 0.0997915
2.06563e-05, 0.0958878
2.06863e-05, 0.0923537
2.07163e-05, 0.0893599
2.07463e-05, 0.0870654
2.07763e-05, 0.0856003
2.08063e-05, 0.0850489
2.08363e-05, 0.0854364
2.08663e-05, 0.0867244
2.08963e-05, 0.0888169
2.09263e-05, 0.0915756
2.09563e-05, 0.0948375
2.09863e-05, 0.0984317
2.10163e-05, 0.102192
2.10463e-05, 0.105966
2.10763e-05, 0.109617
2.11063e-05, 0.113028
2.11362e-05, 0.116103
2.11662e-05, 0.118761
2.11962e-05, 0.120945
2.12262e-05, 0.122611
2.12562e-05, 0.123734
2.12862e-05, 0.124305
2.13162e-05, 0.12433
2.13462e-05, 0.123831
2.13762e-05, 0.122843
2.14062e-05, 0.121416
2.14362e-05, 0.119611
2.14662e-05, 0.117503
2.14962e-05, 0.115176
2.15262e-05, 0.112724
2.15562e-05, 0.110249
2.15862e-05, 0.107854
2.16161e-05, 0.105644
2.16461e-05, 0.103716
2.16761e-05, 0.102156
2.17061e-05, 0.101031
2.17361e-05, 0.100383
2.17661e-05, 0.100226
2.17961e-05, 0.100546
2.18261e-05, 0.1013
2.18561e-05, 0.102421
2.18861e-05, 0.103828
2.19161e-05, 0.10543
2.19461e-05, 0.107135
2.19761e-05, 0.108853
2.20061e-05, 0.110504
2.20361e-05, 0.112021
2.20661e-05, 0.113347
2.2096e-05, 0.114445
2.2126e-05, 0.115291
2.2156e-05, 0.115875
2.2186e-05, 0.116206
2.2216e-05, 0.116302
2.2246e-05, 0.116196
2.2276e-05, 0.11593
2.2306e-05, 0.115556
2.2336e-05, 0.115128
2.2366e-05, 0.114706
2.2396e-05, 0.114346
2.2426e-05, 0.114101
2.2456e-05, 0.114015
2.2486e-05, 0.114122
2.2516e-05, 0.114439
2.2546e-05, 0.11497
2.25759e-05, 0.115701
2.26059e-05, 0.116602
2.26359e-05, 0.11763
2.26659e-05, 0.11873
2.26959e-05, 0.119839
2.27259e-05, 0.120888
2.27559e-05, 0.12181
2.27859e-05, 0.122538
2.28159e-05, 0.12301
2.28459e-05, 0.123175
2.28759e-05, 0.122991
2.29059e-05, 0.122429
2.29359e-05, 0.121476
2.29659e-05, 0.120133
2.29959e-05, 0.11842
2.30259e-05, 0.116377
2.30558e-05, 0.11406
2.30858e-05, 0.111548
2.31158e-05, 0.108937
2.31458e-05, 0.10634
2.31758e-05, 0.103887
2.32058e-05, 0.101713
2.32358e-05, 0.0999568
2.32658e-05, 0.0987439
2.32958e-05, 0.0981779
2.33258e-05, 0.0983269
2.33558e-05, 0.0992145
2.33858e-05, 0.100816
2.34158e-05, 0.103063
2.34458e-05, 0.105849
2.34758e-05, 0.109044
2.35058e-05, 0.112501
2.35357e-05, 0.116071
2.35657e-05, 0.119612
2.35957e-05, 0.122986
2.36257e-05, 0.126071
2.36557e-05, 0.128758
2.36857e-05, 0.130955
2.37157e-05, 0.132584
2.37457e-05, 0.133587
2.37757e-05, 0.133919
2.38057e-05, 0.133552
2.38357e-05, 0.132475
2.38657e-05, 0.130693
2.38957e-05, 0.128227
2.39257e-05, 0.125116
2.39557e-05, 0.121414
2.39857e-05, 0.117197
2.40156e-05, 0.112558
2.40456e-05, 0.107613
2.40756e-05, 0.102504
2.41056e-05, 0.0973995
2.41356e-05, 0.0924959
2.41656e-05, 0.0880181
2.41956e-05, 0.0842102
2.42256e-05, 0.0813181
2.42556e-05, 0.0795595
2.42856e-05, 0.0790855
2.43156e-05, 0.0799484
2.43456e-05, 0.0820879
2.43756e-05, 0.0853453
2.44056e-05, 0.0894965
2.44356e-05, 0.0942892
2.44656e-05, 0.0994716
2.44955e-05, 0.10481
2.45255e-05, 0.110095
2.45555e-05, 0.115149
2.45855e-05, 0.119817
2.46155e-05, 0.123972
2.46455e-05, 0.127509
2.46755e-05, 0.130347
2.47055e-05, 0.132422
2.47355e-05, 0.133694
2.47655e-05, 0.134139
2.47955e-05, 0.133751
2.48255e-05, 0.132544
2.48555e-05, 0.130547
2.48855e-05, 0.12781
2.49155e-05, 0.124397
2.49455e-05, 0.12039
2.49754e-05, 0.115889
2.50054e-05, 0.111014
2.50354e-05, 0.105904
2.50654e-05, 0.100718
2.50954e-05, 0.0956383
2.51254e-05, 0.0908651
2.51554e-05, 0.0866145
2.51854e-05, 0.0831048
2.52154e-05, 0.0805361
2.52454e-05, 0.0790633
2.52754e-05, 0.0787678
2.53054e-05, 0.0796398
2.53354e-05, 0.0815795
2.53654e-05, 0.0844177
2.53954e-05, 0.0879456
2.54254e-05, 0.0919428
2.54553e-05, 0.096198
2.54853e-05, 0.100521
2.55153e-05, 0.104746
2.55453e-05, 0.108734
2.55753e-05, 0.112372
2.56053e-05, 0.115569
2.56353e-05, 0.118254
2.56653e-05, 0.120377
2.56953e-05, 0.121907
2.57253e-05, 0.122828
2.57553e-05, 0.123141
2.57853e-05, 0.122863
2.58153e-05, 0.122026
2.58453e-05, 0.120677
2.58753e-05, 0.118877
2.59053e-05, 0.116702
2.59352e-05, 0.114237
2.59652e-05, 0.111583
2.59952e-05, 0.108848
2.60252e-05, 0.106148
2.60552e-05, 0.1036
2.60852e-05, 0.101318
2.61152e-05, 0.099408
2.61452e-05, 0.0979548
2.61752e-05, 0.0970193
2.62052e-05, 0.0966299
2.62352e-05, 0.0967807
2.62652e-05, 0.0974322
2.62952e-05, 0.0985161
2.63252e-05, 0.0999432
2.63552e-05, 0.101612
2.63852e-05, 0.103416
2.64151e-05, 0.105254
2.64451e-05, 0.107031
2.64751e-05, 0.108667
2.65051e-05, 0.110096
2.65351e-05, 0.111267
2.65651e-05, 0.112146
2.65951e-05, 0.112718
2.66251e-05, 0.112981
2.66551e-05, 0.112949
2.66851e-05, 0.112651
2.67151e-05, 0.112126
2.67451e-05, 0.111425
2.67751e-05, 0.110609
2.68051e-05, 0.109741
2.68351e-05, 0.10889
2.68651e-05, 0.10812
2.6895e-05, 0.107493
2.6925e-05, 0.10706
2.6955e-05, 0.106859
2.6985e-05, 0.106912
2.7015e-05, 0.107223
2.7045e-05, 0.107776
2.7075e-05, 0.10854
2.7105e-05, 0.109467
2.7135e-05, 0.110496
2.7165e-05, 0.111561
2.7195e-05, 0.11259
2.7225e-05, 0.113511
2.7255e-05, 0.114257
2.7285e-05, 0.114766
2.7315e-05, 0.114988
2.7345e-05, 0.11488
2.73749e-05, 0.114418
2.74049e-05, 0.113587
2.74349e-05, 0.112392
2.74649e-05, 0.110853
2.74949e-05, 0.109006
2.75249e-05, 0.106907
2.75549e-05, 0.104628
2.75849e-05, 0.102257
2.76149e-05, 0.0998976
2.76449e-05, 0.0976641
2.76749e-05, 0.0956766
2.77049e-05, 0.0940538
2.77349e-05, 0.0929032
2.77649e-05, 0.0923104
2.77949e-05, 0.0923298
2.78249e-05, 0.0929773
2.78548e-05, 0.0942277
2.78848e-05, 0.0960183
2.79148e-05, 0.0982551
2.79448e-05, 0.100823
2.79748e-05, 0.103596
2.80048e-05, 0.106444
2.80348e-05, 0.109242
2.80648e-05, 0.111874
2.80948e-05, 0.114234
2.81248e-05, 0.11623
2.81548e-05, 0.117786
2.81848e-05, 0.118838
2.82148e-05, 0.11934
2.82448e-05, 0.119258
2.82748e-05, 0.118576
2.83048e-05, 0.117291
2.83347e-05, 0.115417
2.83647e-05, 0.112981
2.83947e-05, 0.110029
2.84247e-05, 0.106624
2.84547e-05, 0.102847
2.84847e-05, 0.0987997
2.85147e-05, 0.0946052
2.85447e-05, 0.090411
2.85747e-05, 0.0863877
2.86047e-05, 0.0827267
2.86347e-05, 0.079632
2.86647e-05, 0.0773039
2.86947e-05, 0.0759152
2.87247e-05, 0.075583
2.87547e-05, 0.0763451
2.87847e-05, 0.0781516
2.88146e-05, 0.0808745
2.88446e-05, 0.0843322
2.88746e-05, 0.0883163
2.89046e-05, 0.0926148
2.89346e-05, 0.0970271
2.89646e-05, 0.101372
2.89946e-05, 0.105491
2.90246e-05, 0.109249
2.90546e-05, 0.112531
2.90846e-05, 0.115245
2.91146e-05, 0.117318
2.91446e-05, 0.118697
2.91746e-05, 0.119346
2.92046e-05, 0.119248
2.92346e-05, 0.1184
2.92646e-05, 0.11682
2.92945e-05, 0.114539
2.93245e-05, 0.111605
2.93545e-05, 0.108086
2.93845e-05, 0.104061
2.94145e-05, 0.0996328
2.94445e-05, 0.0949187
2.94745e-05, 0.0900587
2.95045e-05, 0.085214
2.95345e-05, 0.080568
2.95645e-05, 0.0763243
2.95945e-05, 0.0726979
2.96245e-05, 0.0698992
2.96545e-05, 0.0681075
2.96845e-05, 0.0674387
2.97145e-05, 0.0679197
2.97445e-05, 0.0694812
2.97744e-05, 0.0719736
2.98044e-05, 0.0751979
2.98344e-05, 0.078938
2.98644e-05, 0.0829844
2.98944e-05, 0.0871477
2.99244e-05, 0.0912635
2.99544e-05, 0.0951931
2.99844e-05, 0.0988218
3.00144e-05, 0.102056
3.00444e-05, 0.10482
3.00744e-05, 0.107058
3.01044e-05, 0.108728
3.01344e-05, 0.109803
3.01644e-05, 0.110272
3.01944e-05, 0.110138
3.02244e-05, 0.109415
3.02543e-05, 0.108137
3.02843e-05, 0.106349
3.03143e-05, 0.104112
3.03443e-05, 0.101502
3.03743e-05, 0.0986104
3.04043e-05, 0.0955453
3.04343e-05, 0.0924276
3.04643e-05, 0.0893899
3.04943e-05, 0.0865721
3.05243e-05, 0.0841144
3.05543e-05, 0.0821461
3.05843e-05, 0.0807742
3.06143e-05, 0.0800701
3.06443e-05, 0.0800599
3.06743e-05, 0.08072
3.07043e-05, 0.0819815
3.07342e-05, 0.0837394
3.07642e-05, 0.0858665
3.07942e-05, 0.0882261
3.08242e-05, 0.0906839
3.08542e-05, 0.0931152
3.08842e-05, 0.0954099
3.09142e-05, 0.0974754
3.09442e-05, 0.0992374
3.09742e-05, 0.10064
3.10042e-05, 0.101644
3.10342e-05, 0.10223
3.10642e-05, 0.102391
3.10942e-05, 0.102138
3.11242e-05, 0.101494
3.11542e-05, 0.100499
3.11842e-05, 0.0992002
3.12141e-05, 0.0976582
3.12441e-05, 0.0959421
3.12741e-05, 0.0941281
3.13041e-05, 0.0922966
3.13341e-05, 0.0905296
3.13641e-05, 0.088907
3.13941e-05, 0.0875011
3.14241e-05, 0.0863732
3.14541e-05, 0.0855683
3.14841e-05, 0.0851118
3.15141e-05, 0.0850072
3.15441e-05, 0.0852363
3.15741e-05, 0.0857609
3.16041e-05, 0.0865271
3.16341e-05, 0.087469
3.16641e-05, 0.088515
3.1694e-05, 0.0895915
3.1724e-05, 0.0906279
3.1754e-05, 0.0915591
3.1784e-05, 0.0923285
3.1814e-05, 0.0928895
3.1844e-05, 0.093207
3.1874e-05, 0.0932583
3.1904e-05, 0.0930332
3.1934e-05, 0.0925349
3.1964e-05, 0.0917799
3.1994e-05, 0.090798
3.2024e-05, 0.089632
3.2054e-05, 0.0883372
3.2084e-05, 0.0869794
3.2114e-05, 0.0856334
3.2144e-05, 0.0843797
3.21739e-05, 0.0832997
3.22039e-05, 0.0824706
3.22339e-05, 0.081959
3.22639e-05, 0.0818145
3.22939e-05, 0.0820641
3.23239e-05, 0.0827093
3.23539e-05, 0.0837251
3.23839e-05, 0.0850623
3.24139e-05, 0.0866525
3.24439e-05, 0.088413
3.24739e-05, 0.0902541
3.25039e-05, 0.0920838
3.25339e-05, 0.0938131
3.25639e-05, 0.0953595
3.25939e-05, 0.0966498
3.26239e-05, 0.0976219
3.26538e-05, 0.0982262
3.26838e-05, 0.0984262
3.27138e-05, 0.0981993
3.27438e-05, 0.0975373
3.27738e-05, 0.0964462
3.28038e-05, 0.0949468
3.28338e-05, 0.0930747
3.28638e-05, 0.0908806
3.28938e-05, 0.0884303
3.29238e-05, 0.0858045
3.29538e-05, 0.0830986
3.29838e-05, 0.0804212
3.30138e-05, 0.0778914
3.30438e-05, 0.0756342
3.30738e-05, 0.0737729
3.31038e-05, 0.072419
3.31337e-05, 0.0716603
3.31637e-05, 0.0715495
3.31937e-05, 0.0720964
3.32237e-05, 0.0732663
3.32537e-05, 0.074985
3.32837e-05, 0.0771487
3.33137e-05, 0.079636
3.33437e-05, 0.0823187
3.33737e-05, 0.0850707
3.34037e-05, 0.087773
3.34337e-05, 0.0903181
3.34637e-05, 0.0926111
3.34937e-05, 0.0945708
3.35237e-05, 0.0961297
3.35537e-05, 0.0972345
3.35837e-05, 0.0978456
3.36136e-05, 0.0979376
3.36436e-05, 0.0974992
3.36736e-05, 0.0965337
3.37036e-05, 0.0950593
3.37336e-05, 0.0931102
3.37636e-05, 0.0907368
3.37936e-05, 0.0880071
3.38236e-05, 0.0850077
3.38536e-05, 0.0818447
3.38836e-05, 0.0786436
3.39136e-05, 0.0755489
3.39436e-05, 0.0727196
3.39736e-05, 0.0703217
3.40036e-05, 0.0685146
3.40336e-05, 0.0674324
3.40636e-05, 0.0671634
3.40935e-05, 0.0677346
3.41235e-05, 0.0691055
3.41535e-05, 0.0711767
3.41835e-05, 0.0738067
3.42135e-05, 0.0768322
3.42435e-05, 0.0800856
3.42735e-05, 0.0834074
3.43035e-05, 0.0866525
3.43335e-05, 0.089694
3.43635e-05, 0.0924236
3.43935e-05, 0.0947514
3.44235e-05, 0.0966054
3.44535e-05, 0.0979297
3.44835e-05, 0.0986851
3.45135e-05, 0.0988472
3.45435e-05, 0.0984068
3.45734e-05, 0.0973692
3.46034e-05, 0.0957547
3.46334e-05, 0.0935982
3.46634e-05, 0.09095
3.46934e-05, 0.0878761
3.47234e-05, 0.0844595
3.47534e-05, 0.080801
3.47834e-05, 0.0770204
3.48134e-05, 0.0732566
3.48434e-05, 0.0696674
3.48734e-05, 0.0664248
3.49034e-05, 0.0637059
3.49334e-05, 0.0616768
3.49634e-05, 0.0604696
3.49934e-05, 0.0601588
3.50234e-05, 0.060745
3.50533e-05, 0.0621541
3.50833e-05, 0.0642531
3.51133e-05, 0.0668745
3.51433e-05, 0.0698403
3.51733e-05, 0.0729797
3.52033e-05, 0.0761386
3.52333e-05, 0.0791838
3.52633e-05, 0.0820038
3.52933e-05, 0.0845069
3.53233e-05, 0.08662
3.53533e-05, 0.0882864
3.53833e-05, 0.0894642
3.54133e-05, 0.0901249
3.54433e-05, 0.0902528
3.54733e-05, 0.089844
3.55033e-05, 0.0889061
3.55332e-05, 0.0874582
3.55632e-05, 0.0855315
3.55932e-05, 0.0831695
3.56232e-05, 0.0804291
3.56532e-05, 0.0773822
3.56832e-05, 0.0741171
3.57132e-05, 0.0707402
3.57432e-05, 0.0673775
3.57732e-05, 0.0641744
3.58032e-05, 0.0612926
3.58332e-05, 0.0589017
3.58632e-05, 0.0571636
3.58932e-05, 0.0562096
3.59232e-05, 0.0561156
3.59532e-05, 0.056885
3.59832e-05, 0.0584472
3.60131e-05, 0.0606722
3.60431e-05, 0.0633953
3.60731e-05, 0.0664406
3.61031e-05, 0.0696382
3.61331e-05, 0.0728342
3.61631e-05, 0.0758947
3.61931e-05, 0.0787071
3.62231e-05, 0.0811791
3.62531e-05, 0.0832376
3.62831e-05, 0.0848273
3.63131e-05, 0.0859093
3.63431e-05, 0.0864606
3.63731e-05, 0.0864729
3.64031e-05, 0.085952
3.64331e-05, 0.0849175
3.64631e-05, 0.0834025
3.6493e-05, 0.0814528
3.6523e-05, 0.0791276
3.6553e-05, 0.0764986
3.6583e-05, 0.0736504
3.6613e-05, 0.0706804
3.6643e-05, 0.0676974
3.6673e-05, 0.0648206
3.6703e-05, 0.0621753
3.6733e-05, 0.0598871
3.6763e-05, 0.0580718
3.6793e-05, 0.0568235
3.6823e-05, 0.0562013
3.6853e-05, 0.0562194
3.6883e-05, 0.056845
3.6913e-05, 0.0580039
3.6943e-05, 0.0595925
3.69729e-05, 0.0614921
3.70029e-05, 0.0635813
3.70329e-05, 0.0657454
3.70629e-05, 0.0678812
3.70929e-05, 0.0699
3.71229e-05, 0.0717277
3.71529e-05, 0.0733051
3.71829e-05, 0.0745868
3.72129e-05, 0.0755405
3.72429e-05, 0.0761467
3.72729e-05, 0.0763977
3.73029e-05, 0.0762974
3.73329e-05, 0.0758614
3.73629e-05, 0.0751165
3.73929e-05, 0.0741005
3.74229e-05, 0.0728623
3.74528e-05, 0.0714615
3.74828e-05, 0.0699673
3.75128e-05, 0.0684566
3.75428e-05, 0.0670126
3.75728e-05, 0.0657198
3.76028e-05, 0.0646592
3.76328e-05, 0.0639023
3.76628e-05, 0.0635038
3.76928e-05, 0.063496
3.77228e-05, 0.0638847
3.77528e-05, 0.0646483
3.77828e-05, 0.0657409
3.78128e-05, 0.0670972
3.78428e-05, 0.0686393
3.78728e-05, 0.0702831
3.79028e-05, 0.0719444
3.79327e-05, 0.0735433
3.79627e-05, 0.0750077
3.79927e-05, 0.076275
3.80227e-05, 0.0772937
3.80527e-05, 0.0780245
3.80827e-05, 0.0784403
3.81127e-05, 0.0785269
3.81427e-05, 0.0782828
3.81727e-05, 0.0777197
3.82027e-05, 0.076862
3.82327e-05, 0.0757469
3.82627e-05, 0.0744241
3.82927e-05, 0.072955
3.83227e-05, 0.0714112
3.83527e-05, 0.0698726
3.83827e-05, 0.068424
3.84126e-05, 0.0671504
3.84426e-05, 0.0661313
3.84726e-05, 0.0654335
3.85026e-05, 0.0651045
3.85326e-05, 0.0651668
3.85626e-05, 0.0656149
3.85926e-05, 0.0664161
3.86226e-05, 0.0675141
3.86526e-05, 0.0688351
3.86826e-05, 0.0702946
3.87126e-05, 0.071804
3.87426e-05, 0.0732761
3.87726e-05, 0.0746292
3.88026e-05, 0.0757898
3.88326e-05, 0.0766943
3.88626e-05, 0.0772904
3.88925e-05, 0.0775374
3.89225e-05, 0.0774066
3.89525e-05, 0.0768816
3.89825e-05, 0.0759584
3.90125e-05, 0.0746457
3.90425e-05, 0.0729651
3.90725e-05, 0.0709521
3.91025e-05, 0.0686561
3.91325e-05, 0.0661415
3.91625e-05, 0.0634883
3.91925e-05, 0.0607925
3.92225e-05, 0.0581654
3.92525e-05, 0.0557314
3.92825e-05, 0.0536215
3.93125e-05, 0.0519638
3.93425e-05, 0.050868
3.93724e-05, 0.0504086
3.94024e-05, 0.0506102
3.94324e-05, 0.0514418
3.94624e-05, 0.0528229
3.94924e-05, 0.0546371
3.95224e-05, 0.0567504
3.95524e-05, 0.0590258
3.95824e-05, 0.0613343
3.96124e-05, 0.0635602
3.96424e-05, 0.0656041
3.96724e-05, 0.0673831
3.97024e-05, 0.06883
3.97324e-05, 0.069893
3.97624e-05, 0.0705337
3.97924e-05, 0.0707268
3.98224e-05, 0.0704585
3.98523e-05, 0.0697263
3.98823e-05, 0.0685378
3.99123e-05, 0.0669104
3.99423e-05, 0.0648709
3.99723e-05, 0.0624559
4.00023e-05, 0.0597116
4.00323e-05, 0.0566951
4.00623e-05, 0.0534757
4.00923e-05, 0.0501378
4.01223e-05, 0.0467837
4.01523e-05, 0.043538
4.01823e-05, 0.0405499
4.02123e-05, 0.0379928
4.02423e-05, 0.0360533
4.02723e-05, 0.0349042
4.03023e-05, 0.0346638
4.03322e-05, 0.0353581
4.03622e-05, 0.0369102
4.03922e-05, 0.0391669
4.04222e-05, 0.0419398
4.04522e-05, 0.0450416
4.04822e-05, 0.048304
4.05122e-05, 0.0515833
4.05422e-05, 0.0547597
4.05722e-05, 0.0577335
4.06022e-05, 0.0604222
4.06322e-05, 0.0627578
4.06622e-05, 0.0646846
4.06922e-05, 0.0661587
4.07222e-05, 0.0671466
4.07522e-05, 0.0676257
4.07822e-05, 0.0675837
4.08121e-05, 0.0670191
4.08421e-05, 0.0659406
4.08721e-05, 0.0643681
4.09021e-05, 0.0623325
4.09321e-05, 0.0598761
4.09621e-05, 0.0570534
4.09921e-05, 0.0539317
4.10221e-05, 0.0505929
4.10521e-05, 0.0471351
4.10821e-05, 0.0436759
4.11121e-05, 0.0403548
4.11421e-05, 0.0373347
4.11721e-05, 0.0347977
4.12021e-05, 0.0329293
4.12321e-05, 0.0318852
4.12621e-05, 0.0317483
4.1292e-05, 0.0324989
4.1322e-05, 0.0340212
4.1352e-05, 0.0361436
4.1382e-05, 0.0386824
4.1412e-05, 0.0414721
4.1442e-05, 0.0443759
4.1472e-05, 0.0472859
4.1502e-05, 0.0501185
4.1532e-05, 0.052809
4.1562e-05, 0.0553064
4.1592e-05, 0.0575702
4.1622e-05, 0.0595673
4.1652e-05, 0.0612702
4.1682e-05, 0.0626561
4.1712e-05, 0.0637062
4.1742e-05, 0.0644062
4.17719e-05, 0.0647463
4.18019e-05, 0.0647228
4.18319e-05, 0.0643385
4.18619e-05, 0.0636051
4.18919e-05, 0.0625439
4.19219e-05, 0.0611883
4.19519e-05, 0.0595854
4.19819e-05, 0.0577975
4.20119e-05, 0.0559038
4.20419e-05, 0.0540005
4.20719e-05, 0.0521995
4.21019e-05, 0.0506239
4.21319e-05, 0.0493993
4.21619e-05, 0.0486407
4.21919e-05, 0.0484352
4.22219e-05, 0.048827
4.22518e-05, 0.0498084
4.22818e-05, 0.0513214
4.23118e-05, 0.053269
4.23418e-05, 0.0555304
4.23718e-05, 0.0579767
4.24018e-05, 0.0604818
4.24318e-05, 0.0629304
4.24618e-05, 0.0652211
4.24918e-05, 0.0672688
4.25218e-05, 0.0690045
4.25518e-05, 0.0703753
4.25818e-05, 0.0713438
4.26118e-05, 0.0718875
4.26418e-05, 0.0719983
4.26718e-05, 0.0716814
4.27018e-05, 0.0709552
4.27317e-05, 0.0698501
4.27617e-05, 0.0684081
4.27917e-05, 0.0666818
4.28217e-05, 0.0647331
4.28517e-05, 0.0626318
4.28817e-05, 0.0604543
4.29117e-05, 0.0582806
4.29417e-05, 0.0561908
4.29717e-05, 0.0542614
4.30017e-05, 0.0525598
4.30317e-05, 0.0511385
4.30617e-05, 0.0500304
4.30917e-05, 0.0492449
4.31217e-05, 0.0487668
4.31517e-05, 0.0485592
4.31817e-05, 0.0485678
4.32116e-05, 0.0487278
4.32416e-05, 0.0489705
4.32716e-05, 0.049229
4.33016e-05, 0.0494427
4.33316e-05, 0.04956
4.33616e-05, 0.0495396
4.33916e-05, 0.049351
4.34216e-05, 0.0489747
4.34516e-05, 0.048401
4.34816e-05, 0.0476297
4.35116e-05, 0.046669
4.35416e-05, 0.0455348
4.35716e-05, 0.0442493
4.36016e-05, 0.0428411
4.36316e-05, 0.0413437
4.36616e-05, 0.0397946
4.36915e-05, 0.0382352
4.37215e-05, 0.0367089
4.37515e-05, 0.0352602
4.37815e-05, 0.0339329
4.38115e-05, 0.0327677
4.38415e-05, 0.0317998
4.38715e-05, 0.0310557
4.39015e-05, 0.0305506
4.39315e-05, 0.030287
4.39615e-05, 0.0302547
4.39915e-05, 0.0304317
4.40215e-05, 0.0307876
4.40515e-05, 0.0312866
4.40815e-05, 0.0318912
4.41115e-05, 0.0325644
4.41415e-05, 0.033272
4.41714e-05, 0.0339836
4.42014e-05, 0.0346731
4.42314e-05, 0.0353186
4.42614e-05, 0.0359026
4.42914e-05, 0.0364114
4.43214e-05, 0.0368343
4.43514e-05, 0.0371643
4.43814e-05, 0.0373967
4.44114e-05, 0.037529
4.44414e-05, 0.037561
4.44714e-05, 0.0374942
4.45014e-05, 0.0373314
4.45314e-05, 0.037077
4.45614e-05, 0.0367362
4.45914e-05, 0.0363155
4.46214e-05, 0.0358219
4.46513e-05, 0.0352632
4.46813e-05, 0.0346479
4.47113e-05, 0.0339845
4.47413e-05, 0.0332824
4.47713e-05, 0.0325508
4.48013e-05, 0.0317989
4.48313e-05, 0.0310364
4.48613e-05, 0.0302723
4.48913e-05, 0.0295158
4.49213e-05, 0.0287755
4.49513e-05, 0.0280597
4.49813e-05, 0.027376
4.50113e-05, 0.0267312
4.50413e-05, 0.0261314
4.50713e-05, 0.0255816
4.51013e-05, 0.0250859
4.51312e-05, 0.0246471
4.51612e-05, 0.024267
4.51912e-05, 0.0239461
4.52212e-05, 0.0236839
4.52512e-05, 0.0234787
4.52812e-05, 0.0233282
4.53112e-05, 0.0232289
4.53412e-05, 0.0231771
4.53712e-05, 0.0231685
4.54012e-05, 0.0231983
4.54312e-05, 0.0232619
4.54612e-05, 0.0233546
4.54912e-05, 0.0234716
4.55212e-05, 0.0236085
4.55512e-05, 0.0237608
4.55812e-05, 0.0239247
4.56111e-05, 0.0240961
4.56411e-05, 0.0242715
4.56711e-05, 0.0244475
4.57011e-05, 0.0246208
4.57311e-05, 0.0247886
4.57611e-05, 0.0249479
4.57911e-05, 0.025096
4.58211e-05, 0.0252303
4.58511e-05, 0.0253484
4.58811e-05, 0.025448
4.59111e-05, 0.0255266
4.59411e-05, 0.0255822
4.59711e-05, 0.0256127
4.60011e-05, 0.0256161
4.60311e-05, 0.0255905
4.60611e-05, 0.0255342
4.6091e-05, 0.0254457
4.6121e-05, 0.0253235
4.6151e-05, 0.0251662
4.6181e-05, 0.024973
4.6211e-05, 0.0247428
4.6241e-05, 0.0244751
4.6271e-05, 0.0241694
4.6301e-05, 0.0238255
4.6331e-05, 0.0234436
4.6361e-05, 0.0230239
4.6391e-05, 0.0225669
4.6421e-05, 0.0220737
4.6451e-05, 0.0215454
4.6481e-05, 0.0209832
4.6511e-05, 0.020389
4.6541e-05, 0.0197647
4.65709e-05, 0.0191126
4.66009e-05, 0.0184351
4.66309e-05, 0.0177349
4.66609e-05, 0.0170154
4.66909e-05, 0.0162798
4.67209e-05, 0.0155317
4.67509e-05, 0.0147753
4.67809e-05, 0.0140149
4.68109e-05, 0.0132552
4.68409e-05, 0.0125017
4.68709e-05, 0.0117599
4.69009e-05, 0.0110365
4.69309e-05, 0.0103385
4.69609e-05, 0.00967382
4.69909e-05, 0.00905112
4.70209e-05, 0.0084798
4.70508e-05, 0.00796984
4.70808e-05, 0.00753115
4.71108e-05, 0.00717279
4.71408e-05, 0.00690199
4.71708e-05, 0.00672249
4.72008e-05, 0.00663387
4.72308e-05, 0.00663109
4.72608e-05, 0.00670489
4.72908e-05, 0.00684319
4.73208e-05, 0.00703244
4.73508e-05, 0.00725913
4.73808e-05, 0.00751064
4.74108e-05, 0.00777578
4.74408e-05, 0.00804495
4.74708e-05, 0.00831026
4.75008e-05, 0.00856512
4.75307e-05, 0.00880425
4.75607e-05, 0.00902347
4.75907e-05, 0.00921936
4.76207e-05, 0.00938951
4.76507e-05, 0.00953183
4.76807e-05, 0.00964496
4.77107e-05, 0.00972799
4.77407e-05, 0.00978031
4.77707e-05, 0.00980171
4.78007e-05, 0.0097922
4.78307e-05, 0.00975214
4.78607e-05, 0.00968207
4.78907e-05, 0.00958268
4.79207e-05, 0.00945492
4.79507e-05, 0.00929989
4.79807e-05, 0.00911881
4.80106e-05, 0.00891301
4.80406e-05, 0.00868398
4.80706e-05, 0.00843329
4.81006e-05, 0.00816266
4.81306e-05, 0.00787375
4.81606e-05, 0.0075684
4.81906e-05, 0.0072485
4.82206e-05, 0.00691589
4.82506e-05, 0.00657257
4.82806e-05, 0.00622038
4.83106e-05, 0.00586144
4.83406e-05, 0.00549771
4.83706e-05, 0.00513112
4.84006e-05, 0.00476387
4.84306e-05, 0.00439794
4.84606e-05, 0.00403559
4.84905e-05, 0.00367911
4.85205e-05, 0.003331
4.85505e-05, 0.00299416
4.85805e-05, 0.00267185
4.86105e-05, 0.00236816
4.86405e-05, 0.00208828
4.86705e-05, 0.00183892
4.87005e-05, 0.00162875
4.87305e-05, 0.00146795
4.87605e-05, 0.00136644
4.87905e-05, 0.00132969
4.88205e-05, 0.00135497
4.88505e-05, 0.00143175
4.88805e-05, 0.0015457
4.89105e-05, 0.00168376
4.89405e-05, 0.00183579
4.89704e-05, 0.00199485
4.90004e-05, 0.00215649
4.90304e-05, 0.00231794
4.90604e-05, 0.00247792
4.90904e-05, 0.00263585
4.91204e-05, 0.00279191
4.91504e-05, 0.00294677
4.91804e-05, 0.00310134
4.92104e-05, 0.00325693
4.92404e-05, 0.00341481
4.92704e-05, 0.00357651
4.93004e-05, 0.0037435
4.93304e-05, 0.00391717
4.93604e-05, 0.0040989
4.93904e-05, 0.00428983
4.94204e-05, 0.00449093
4.94503e-05, 0.00470299
4.94803e-05, 0.00492653
4.95103e-05, 0.00516188
4.95403e-05, 0.00540909
4.95703e-05, 0.00566797
4.96003e-05, 0.00593824
4.96303e-05, 0.00621934
4.96603e-05, 0.00651051
4.96903e-05, 0.00681101
4.97203e-05, 0.00711985
4.97503e-05, 0.00743603
4.97803e-05, 0.0077584
4.98103e-05, 0.00808579
4.98403e-05, 0.00841708
4.98703e-05, 0.00875091
4.99003e-05, 0.0090861
4.99302e-05, 0.00942132
4.99602e-05, 0.00975529
4.99902e-05, 0.0100868
5.00202e-05, 0.0104145
5.00502e-05, 0.0107372
5.00802e-05, 0.0110536
5.01102e-05, 0.0113626
5.01402e-05, 0.011663
5.01702e-05, 0.0119537
5.02002e-05, 0.0122338
5.02302e-05, 0.0125021
5.02602e-05, 0.0127578
5.02902e-05, 0.013
5.03202e-05, 0.0132281
5.03502e-05, 0.0134411
5.03802e-05, 0.0136386
5.04101e-05, 0.0138199
5.04401e-05, 0.0139845
5.04701e-05, 0.0141321
5.05001e-05, 0.0142621
5.05301e-05, 0.0143743
5.05601e-05, 0.0144683
5.05901e-05, 0.014544
5.06201e-05, 0.0146012
5.06501e-05, 0.0146396
5.06801e-05, 0.0146594
5.07101e-05, 0.0146603
5.07401e-05, 0.0146425
5.07701e-05, 0.0146061
5.08001e-05, 0.0145512
5.08301e-05, 0.0144781
5.08601e-05, 0.014387
5.089e-05, 0.0142783
5.092e-05, 0.0141524
5.095e-05, 0.0140097
5.098e-05, 0.0138508
5.101e-05, 0.0136762
5.104e-05, 0.0134865
5.107e-05, 0.0132823
5.11e-05, 0.0130642


