

x(m), Y
-9.00747e-06, 0.0162989
-8.97748e-06, 0.0170917
-8.94748e-06, 0.0179919
-8.91749e-06, 0.0189927
-8.88749e-06, 0.0200842
-8.8575e-06, 0.0212526
-8.82751e-06, 0.022481
-8.79751e-06, 0.0237494
-8.76752e-06, 0.0250356
-8.73753e-06, 0.0263159
-8.70753e-06, 0.0275665
-8.67754e-06, 0.0287652
-8.64754e-06, 0.0298928
-8.61755e-06, 0.0309353
-8.58756e-06, 0.0318854
-8.55756e-06, 0.0327441
-8.52757e-06, 0.0335219
-8.49758e-06, 0.0342392
-8.46758e-06, 0.0349255
-8.43759e-06, 0.0356178
-8.40759e-06, 0.0363571
-8.3776e-06, 0.0371838
-8.34761e-06, 0.0381327
-8.31761e-06, 0.0392278
-8.28762e-06, 0.0404783
-8.25763e-06, 0.0418769
-8.22763e-06, 0.0433998
-8.19764e-06, 0.0450101
-8.16764e-06, 0.0466615
-8.13765e-06, 0.048303
-8.10766e-06, 0.0498837
-8.07766e-06, 0.0513573
-8.04767e-06, 0.0526849
-8.01768e-06, 0.053838
-7.98768e-06, 0.0547995
-7.95769e-06, 0.0555648
-7.92769e-06, 0.0561409
-7.8977e-06, 0.0565457
-7.86771e-06, 0.0568059
-7.83771e-06, 0.0569546
-7.80772e-06, 0.057028
-7.77773e-06, 0.0570622
-7.74773e-06, 0.0570901
-7.71774e-06, 0.0571391
-7.68774e-06, 0.0572288
-7.65775e-06, 0.0573704
-7.62776e-06, 0.0575675
-7.59776e-06, 0.0578167
-7.56777e-06, 0.0581096
-7.53778e-06, 0.0584352
-7.50778e-06, 0.0587806
-7.47779e-06, 0.0591332
-7.44779e-06, 0.0594805
-7.4178e-06, 0.0598099
-7.38781e-06, 0.0601085
-7.35781e-06, 0.0603614
-7.32782e-06, 0.0605517
-7.29783e-06, 0.0606595
-7.26783e-06, 0.0606618
-7.23784e-06, 0.0605342
-7.20784e-06, 0.0602515
-7.17785e-06, 0.0597901
-7.14786e-06, 0.0591307
-7.11786e-06, 0.0582602
-7.08787e-06, 0.0571749
-7.05788e-06, 0.0558818
-7.02788e-06, 0.0544007
-6.99789e-06, 0.0527646
-6.96789e-06, 0.0510191
-6.9379e-06, 0.0492209
-6.90791e-06, 0.0474344
-6.87791e-06, 0.0457264
-6.84792e-06, 0.04416
-6.81793e-06, 0.0427858
-6.78793e-06, 0.0416346
-6.75794e-06, 0.0407118
-6.72794e-06, 0.039995
-6.69795e-06, 0.0394365
-6.66796e-06, 0.03897
-6.63796e-06, 0.0385192
-6.60797e-06, 0.0380075
-6.57798e-06, 0.0373654
-6.54798e-06, 0.0365364
-6.51799e-06, 0.0354805
-6.48799e-06, 0.0341758
-6.458e-06, 0.0326189
-6.42801e-06, 0.0308242
-6.39801e-06, 0.0288228
-6.36802e-06, 0.0266609
-6.33803e-06, 0.0243992
-6.30803e-06, 0.0221113
-6.27804e-06, 0.0198829
-6.24804e-06, 0.0178105
-6.21805e-06, 0.0159975
-6.18806e-06, 0.0145435
-6.15806e-06, 0.0135236
-6.12807e-06, 0.0129613
-6.09808e-06, 0.0128103
-6.06808e-06, 0.0129664
-6.03809e-06, 0.0133005
-6.00809e-06, 0.0136918
-5.9781e-06, 0.0140443
-5.94811e-06, 0.0142902
-5.91811e-06, 0.0143864
-5.88812e-06, 0.0143105
-5.85813e-06, 0.0140567
-5.82813e-06, 0.0136332
-5.79814e-06, 0.0130625
-5.76814e-06, 0.0123813
-5.73815e-06, 0.0116426
-5.70816e-06, 0.0109184
-5.67816e-06, 0.0102987
-5.64817e-06, 0.00988492
-5.61818e-06, 0.00976745
-5.58818e-06, 0.00999505
-5.55819e-06, 0.0105531
-5.52819e-06, 0.0113718
-5.4982e-06, 0.0123539
-5.46821e-06, 0.0134008
-5.43821e-06, 0.014426
-5.40822e-06, 0.0153599
-5.37823e-06, 0.0161501
-5.34823e-06, 0.0167616
-5.31824e-06, 0.0171767
-5.28824e-06, 0.017396
-5.25825e-06, 0.017439
-5.22826e-06, 0.0173445
-5.19826e-06, 0.0171704
-5.16827e-06, 0.0169904
-5.13828e-06, 0.0168867
-5.10828e-06, 0.0169384
-5.07829e-06, 0.0172048
-5.04829e-06, 0.0177116
-5.0183e-06, 0.018444
-4.98831e-06, 0.0193518
-4.95831e-06, 0.0203615
-4.92832e-06, 0.0213901
-4.89833e-06, 0.0223573
-4.86833e-06, 0.0231919
-4.83834e-06, 0.0238371
-4.80834e-06, 0.0242523
-4.77835e-06, 0.0244141
-4.74836e-06, 0.0243171
-4.71836e-06, 0.0239731
-4.68837e-06, 0.0234112
-4.65838e-06, 0.0226757
-4.62838e-06, 0.0218247
-4.59839e-06, 0.0209262
-4.56839e-06, 0.0200534
-4.5384e-06, 0.0192769
-4.50841e-06, 0.018655
-4.47841e-06, 0.0182246
-4.44842e-06, 0.017994
-4.41843e-06, 0.0179422
-4.38843e-06, 0.0180261
-4.35844e-06, 0.0181909
-4.32845e-06, 0.0183819
-4.29845e-06, 0.0185529
-4.26846e-06, 0.0186711
-4.23846e-06, 0.018719
-4.20847e-06, 0.018693
-4.17848e-06, 0.0186013
-4.14848e-06, 0.0184603
-4.11849e-06, 0.0182903
-4.0885e-06, 0.0181117
-4.0585e-06, 0.0179415
-4.02851e-06, 0.0177906
-3.99851e-06, 0.017664
-3.96852e-06, 0.0175616
-3.93853e-06, 0.0174815
-3.90853e-06, 0.0174227
-3.87854e-06, 0.0173897
-3.84855e-06, 0.0173936
-3.81855e-06, 0.0174531
-3.78856e-06, 0.0175927
-3.75856e-06, 0.0178381
-3.72857e-06, 0.0182108
-3.69858e-06, 0.0187223
-3.66858e-06, 0.0193704
-3.63859e-06, 0.0201376
-3.6086e-06, 0.0209938
-3.5786e-06, 0.0219006
-3.54861e-06, 0.0228164
-3.51861e-06, 0.0237018
-3.48862e-06, 0.0245233
-3.45863e-06, 0.0252567
-3.42863e-06, 0.0258881
-3.39864e-06, 0.0264151
-3.36865e-06, 0.0268454
-3.33865e-06, 0.0271951
-3.30866e-06, 0.0274854
-3.27866e-06, 0.0277385
-3.24867e-06, 0.0279734
-3.21868e-06, 0.0282015
-3.18868e-06, 0.0284235
-3.15869e-06, 0.0286284
-3.1287e-06, 0.0287938
-3.0987e-06, 0.0288888
-3.06871e-06, 0.0288779
-3.03871e-06, 0.0287258
-3.00872e-06, 0.0284022
-2.97873e-06, 0.0278864
-2.94873e-06, 0.0271712
-2.91874e-06, 0.0262667
-2.88875e-06, 0.0252031
-2.85875e-06, 0.024033
-2.82876e-06, 0.0228334
-2.79876e-06, 0.0217034
-2.76877e-06, 0.0207586
-2.73878e-06, 0.0201159
-2.70878e-06, 0.0198686
-2.67879e-06, 0.0200599
-2.6488e-06, 0.0206678
-2.6188e-06, 0.0216121
-2.58881e-06, 0.0227787
-2.55881e-06, 0.0240449
-2.52882e-06, 0.0252973
-2.49883e-06, 0.0264404
-2.46883e-06, 0.0273988
-2.43884e-06, 0.0281168
-2.40885e-06, 0.0285563
-2.37885e-06, 0.0286946
-2.34886e-06, 0.0285225
-2.31886e-06, 0.0280418
-2.28887e-06, 0.0272639
-2.25888e-06, 0.0262074
-2.22888e-06, 0.0248981
-2.19889e-06, 0.0233671
-2.1689e-06, 0.0216524
-2.1389e-06, 0.0197996
-2.10891e-06, 0.0178661
-2.07891e-06, 0.015928
-2.04892e-06, 0.0140901
-2.01893e-06, 0.0124992
-1.98893e-06, 0.011348
-1.95894e-06, 0.0108386
-1.92895e-06, 0.0110828
-1.89895e-06, 0.0120185
-1.86896e-06, 0.0134524
-1.83896e-06, 0.0151685
-1.80897e-06, 0.0169875
-1.77898e-06, 0.0187747
-1.74898e-06, 0.0204301
-1.71899e-06, 0.0218785
-1.689e-06, 0.0230638
-1.659e-06, 0.0239458
-1.62901e-06, 0.0245
-1.59901e-06, 0.0247168
-1.56902e-06, 0.0246028
-1.53903e-06, 0.0241821
-1.50903e-06, 0.0234974
-1.47904e-06, 0.0226117
-1.44905e-06, 0.0216097
-1.41905e-06, 0.0205981
-1.38906e-06, 0.0197011
-1.35906e-06, 0.0190498
-1.32907e-06, 0.0187603
-1.29908e-06, 0.018905
-1.26908e-06, 0.0194917
-1.23909e-06, 0.0204638
-1.2091e-06, 0.0217212
-1.1791e-06, 0.0231481
-1.14911e-06, 0.0246331
-1.11911e-06, 0.0260798
-1.08912e-06, 0.0274091
-1.05913e-06, 0.0285588
-1.02913e-06, 0.0294809
-9.99139e-07, 0.0301396
-9.69145e-07, 0.0305084
-9.39152e-07, 0.0305687
-9.09158e-07, 0.0303078
-8.79164e-07, 0.0297178
-8.4917e-07, 0.0287951
-8.19177e-07, 0.0275396
-7.89183e-07, 0.0259554
-7.59189e-07, 0.0240504
-7.29195e-07, 0.0218376
-6.99202e-07, 0.0193353
-6.69208e-07, 0.016569
-6.39214e-07, 0.0135736
-6.0922e-07, 0.0103993
-5.79227e-07, 0.00713467
-5.49233e-07, 0.00404318
-5.19239e-07, 0.00267544
-4.89245e-07, 0.0049618
-4.59252e-07, 0.00827413
-4.29258e-07, 0.011697
-3.99264e-07, 0.0150445
-3.6927e-07, 0.0182308
-3.39277e-07, 0.0211967
-3.09283e-07, 0.0238959
-2.79289e-07, 0.0262916
-2.49295e-07, 0.0283565
-2.19302e-07, 0.0300723
-1.89308e-07, 0.0314295
-1.59314e-07, 0.0324273
-1.2932e-07, 0.0330727
-9.93266e-08, 0.0333797
-6.93329e-08, 0.0333684
-3.93392e-08, 0.033064
-9.3454e-09, 0.0324962
2.06483e-08, 0.0316988
5.06421e-08, 0.0307107
8.06358e-08, 0.0295765
1.1063e-07, 0.0283488
1.40623e-07, 0.0270912
1.70617e-07, 0.0258814
2.00611e-07, 0.0248124
2.30605e-07, 0.0239903
2.60598e-07, 0.0235253
2.90592e-07, 0.0235131
3.20586e-07, 0.0240125
3.5058e-07, 0.0250294
3.80573e-07, 0.0265148
4.10567e-07, 0.0283802
4.40561e-07, 0.0305159
4.70555e-07, 0.0328086
5.00548e-07, 0.0351506
5.30542e-07, 0.037445
5.60536e-07, 0.0396074
5.9053e-07, 0.0415669
6.20523e-07, 0.0432653
6.50517e-07, 0.0446574
6.80511e-07, 0.0457102
7.10505e-07, 0.0464023
7.40498e-07, 0.0467233
7.70492e-07, 0.046672
8.00486e-07, 0.0462558
8.3048e-07, 0.0454884
8.60473e-07, 0.0443886
8.90467e-07, 0.0429785
9.20461e-07, 0.0412823
9.50455e-07, 0.0393255
9.80448e-07, 0.0371346
1.01044e-06, 0.0347383
1.04044e-06, 0.0321691
1.07043e-06, 0.0294672
1.10042e-06, 0.0266871
1.13042e-06, 0.0239072
1.16041e-06, 0.021245
1.1904e-06, 0.0188778
1.2204e-06, 0.0170586
1.25039e-06, 0.016092
1.28039e-06, 0.0162173
1.31038e-06, 0.017455
1.34037e-06, 0.0195968
1.37037e-06, 0.0223493
1.40036e-06, 0.0254518
1.43035e-06, 0.0287073
1.46035e-06, 0.0319729
1.49034e-06, 0.0351436
1.52034e-06, 0.0381417
1.55033e-06, 0.0409093
1.58032e-06, 0.0434045
1.61032e-06, 0.0455993
1.64031e-06, 0.0474773
1.6703e-06, 0.0490332
1.7003e-06, 0.050271
1.73029e-06, 0.0512031
1.76029e-06, 0.0518489
1.79028e-06, 0.0522333
1.82027e-06, 0.0523857
1.85027e-06, 0.0523385
1.88026e-06, 0.0521262
1.91025e-06, 0.051784
1.94025e-06, 0.0513471
1.97024e-06, 0.0508498
2.00024e-06, 0.0503241
2.03023e-06, 0.0497992
2.06022e-06, 0.0493001
2.09022e-06, 0.048846
2.12021e-06, 0.0484497
2.1502e-06, 0.0481162
2.1802e-06, 0.0478421
2.21019e-06, 0.0476157
2.24019e-06, 0.0474176
2.27018e-06, 0.047222
2.30017e-06, 0.0469989
2.33017e-06, 0.0467161
2.36016e-06, 0.0463421
2.39015e-06, 0.0458483
2.42015e-06, 0.0452118
2.45014e-06, 0.0444166
2.48014e-06, 0.0434566
2.51013e-06, 0.0423364
2.54012e-06, 0.0410728
2.57012e-06, 0.0396968
2.60011e-06, 0.0382546
2.6301e-06, 0.0368094
2.6601e-06, 0.0354419
2.69009e-06, 0.0342501
2.72009e-06, 0.0333448
2.75008e-06, 0.0328408
2.78007e-06, 0.0328416
2.81007e-06, 0.0334213
2.84006e-06, 0.0346094
2.87005e-06, 0.0363863
2.90005e-06, 0.0386902
2.93004e-06, 0.0414309
2.96004e-06, 0.0445039
2.99003e-06, 0.0478006
3.02002e-06, 0.0512146
3.05002e-06, 0.0546447
3.08001e-06, 0.0579955
3.11e-06, 0.0611789
3.14e-06, 0.0641139
3.16999e-06, 0.0667276
3.19999e-06, 0.0689557
3.22998e-06, 0.0707435
3.25997e-06, 0.0720469
3.28997e-06, 0.0728323
3.31996e-06, 0.0730778
3.34995e-06, 0.0727723
3.37995e-06, 0.0719159
3.40994e-06, 0.0705181
3.43994e-06, 0.0685978
3.46993e-06, 0.0661806
3.49992e-06, 0.0632985
3.52992e-06, 0.0599874
3.55991e-06, 0.0562866
3.5899e-06, 0.052238
3.6199e-06, 0.0478869
3.64989e-06, 0.0432839
3.67989e-06, 0.0384911
3.70988e-06, 0.0335925
3.73987e-06, 0.0287164
3.76987e-06, 0.0240809
3.79986e-06, 0.0200803
3.82985e-06, 0.0173938
3.85985e-06, 0.0168634
3.88984e-06, 0.0187969
3.91984e-06, 0.0226186
3.94983e-06, 0.027541
3.97982e-06, 0.0330153
4.00982e-06, 0.0387109
4.03981e-06, 0.0444171
4.0698e-06, 0.0499856
4.0998e-06, 0.0553013
4.12979e-06, 0.060271
4.15979e-06, 0.0648168
4.18978e-06, 0.0688752
4.21977e-06, 0.0723956
4.24977e-06, 0.0753405
4.27976e-06, 0.0776854
4.30975e-06, 0.0794185
4.33975e-06, 0.0805399
4.36974e-06, 0.0810608
4.39974e-06, 0.0810021
4.42973e-06, 0.0803928
4.45972e-06, 0.0792689
4.48972e-06, 0.0776712
4.51971e-06, 0.0756446
4.5497e-06, 0.0732368
4.5797e-06, 0.0704978
4.60969e-06, 0.0674804
4.63969e-06, 0.0642408
4.66968e-06, 0.0608401
4.69967e-06, 0.0573466
4.72967e-06, 0.0538383
4.75966e-06, 0.0504058
4.78965e-06, 0.0471546
4.81965e-06, 0.0442052
4.84964e-06, 0.0416894
4.87964e-06, 0.0397387
4.90963e-06, 0.0384652
4.93962e-06, 0.0379367
4.96962e-06, 0.0381564
4.99961e-06, 0.0390596
5.0296e-06, 0.0405287
5.0596e-06, 0.0424197
5.08959e-06, 0.0445868
5.11959e-06, 0.0468986
5.14958e-06, 0.0492462
5.17957e-06, 0.0515449
5.20957e-06, 0.0537325
5.23956e-06, 0.0557676
5.26955e-06, 0.0576256
5.29955e-06, 0.0592968
5.32954e-06, 0.0607832
5.35954e-06, 0.0620959
5.38953e-06, 0.063253
5.41952e-06, 0.0642772
5.44952e-06, 0.0651937
5.47951e-06, 0.066028
5.5095e-06, 0.0668043
5.5395e-06, 0.0675431
5.56949e-06, 0.0682604
5.59949e-06, 0.0689657
5.62948e-06, 0.0696614
5.65947e-06, 0.0703424
5.68947e-06, 0.0709957
5.71946e-06, 0.0716009
5.74945e-06, 0.0721318
5.77945e-06, 0.0725572
5.80944e-06, 0.0728433
5.83944e-06, 0.0729551
5.86943e-06, 0.0728593
5.89942e-06, 0.072526
5.92942e-06, 0.0719307
5.95941e-06, 0.0710566
5.9894e-06, 0.0698956
6.0194e-06, 0.0684505
6.04939e-06, 0.0667357
6.07939e-06, 0.064778
6.10938e-06, 0.0626185
6.13937e-06, 0.060313
6.16937e-06, 0.0579328
6.19936e-06, 0.0555663
6.22935e-06, 0.0533187
6.25935e-06, 0.0513107
6.28934e-06, 0.0496738
6.31934e-06, 0.0485413
6.34933e-06, 0.0480328
6.37932e-06, 0.0482366
6.40932e-06, 0.0491935
6.43931e-06, 0.050889
6.4693e-06, 0.0532576
6.4993e-06, 0.0561963
6.52929e-06, 0.0595793
6.55929e-06, 0.0632725
6.58928e-06, 0.067142
6.61927e-06, 0.071059
6.64927e-06, 0.074903
6.67926e-06, 0.078562
6.70925e-06, 0.081934
6.73925e-06, 0.0849271
6.76924e-06, 0.0874601
6.79924e-06, 0.0894643
6.82923e-06, 0.0908829
6.85922e-06, 0.0916731
6.88922e-06, 0.0918058
6.91921e-06, 0.0912663
6.9492e-06, 0.0900544
6.9792e-06, 0.0881839
7.00919e-06, 0.0856824
7.03919e-06, 0.0825906
7.06918e-06, 0.0789622
7.09917e-06, 0.0748638
7.12917e-06, 0.0703756
7.15916e-06, 0.0655935
7.18915e-06, 0.0606334
7.21915e-06, 0.0556381
7.24914e-06, 0.0507868
7.27914e-06, 0.0463083
7.30913e-06, 0.0424899
7.33912e-06, 0.0396673
7.36912e-06, 0.0381717
7.39911e-06, 0.0382251
7.4291e-06, 0.0398397
7.4591e-06, 0.0428137
7.48909e-06, 0.0468245
7.51909e-06, 0.0515346
7.54908e-06, 0.056649
7.57907e-06, 0.0619282
7.60907e-06, 0.0671819
7.63906e-06, 0.0722581
7.66905e-06, 0.0770339
7.69905e-06, 0.0814097
7.72904e-06, 0.0853048
7.75904e-06, 0.0886554
7.78903e-06, 0.0914128
7.81902e-06, 0.0935428
7.84902e-06, 0.0950244
7.87901e-06, 0.0958494
7.909e-06, 0.096021
7.939e-06, 0.0955532
7.96899e-06, 0.0944693
7.99899e-06, 0.0928013
8.02898e-06, 0.0905884
8.05897e-06, 0.0878775
8.08897e-06, 0.0847221
8.11896e-06, 0.0811835
8.14895e-06, 0.077332
8.17895e-06, 0.0732491
8.20894e-06, 0.0690305
8.23894e-06, 0.0647906
8.26893e-06, 0.0606661
8.29892e-06, 0.0568197
8.32892e-06, 0.0534388
8.35891e-06, 0.0507266
8.3889e-06, 0.0488783
8.4189e-06, 0.0480442
8.44889e-06, 0.0482889
8.47889e-06, 0.04957
8.50888e-06, 0.0517491
8.53887e-06, 0.0546286
8.56887e-06, 0.0579932
8.59886e-06, 0.0616393
8.62885e-06, 0.0653909
8.65885e-06, 0.0691035
8.68884e-06, 0.0726633
8.71884e-06, 0.0759841
8.74883e-06, 0.0790037
8.77882e-06, 0.0816806
8.80882e-06, 0.0839908
8.83881e-06, 0.0859254
8.8688e-06, 0.0874878
8.8988e-06, 0.0886914
8.92879e-06, 0.0895578
8.95879e-06, 0.0901148
8.98878e-06, 0.090394
9.01877e-06, 0.09043
9.04877e-06, 0.0902584
9.07876e-06, 0.0899146
9.10875e-06, 0.0894325
9.13875e-06, 0.0888435
9.16874e-06, 0.0881754
9.19874e-06, 0.0874513
9.22873e-06, 0.086689
9.25872e-06, 0.0859004
9.28872e-06, 0.0850909
9.31871e-06, 0.0842599
9.3487e-06, 0.0834011
9.3787e-06, 0.0825036
9.40869e-06, 0.0815534
9.43868e-06, 0.0805355
9.46868e-06, 0.0794361
9.49867e-06, 0.0782447
9.52867e-06, 0.0769571
9.55866e-06, 0.0755773
9.58865e-06, 0.0741199
9.61865e-06, 0.0726112
9.64864e-06, 0.0710906
9.67863e-06, 0.069611
9.70863e-06, 0.0682379
9.73862e-06, 0.067047
9.76862e-06, 0.0661207
9.79861e-06, 0.0655424
9.8286e-06, 0.065389
9.8586e-06, 0.0657227
9.88859e-06, 0.066584
9.91858e-06, 0.0679862
9.94858e-06, 0.0699137
9.97857e-06, 0.0723244
1.00086e-05, 0.0751539
1.00386e-05, 0.0783214
1.00686e-05, 0.0817354
1.00985e-05, 0.0852989
1.01285e-05, 0.088913
1.01585e-05, 0.0924796
1.01885e-05, 0.0959034
1.02185e-05, 0.0990936
1.02485e-05, 0.101965
1.02785e-05, 0.104439
1.03085e-05, 0.106446
1.03385e-05, 0.107924
1.03685e-05, 0.108824
1.03985e-05, 0.109104
1.04285e-05, 0.10874
1.04585e-05, 0.107714
1.04885e-05, 0.106026
1.05185e-05, 0.103688
1.05485e-05, 0.100725
1.05784e-05, 0.0971764
1.06084e-05, 0.093096
1.06384e-05, 0.0885535
1.06684e-05, 0.0836364
1.06984e-05, 0.0784533
1.07284e-05, 0.0731393
1.07584e-05, 0.0678633
1.07884e-05, 0.0628365
1.08184e-05, 0.0583196
1.08484e-05, 0.0546199
1.08784e-05, 0.0520654
1.09084e-05, 0.0509432
1.09384e-05, 0.0514134
1.09684e-05, 0.0534489
1.09984e-05, 0.056847
1.10284e-05, 0.061303
1.10583e-05, 0.0664895
1.10883e-05, 0.072106
1.11183e-05, 0.0778956
1.11483e-05, 0.083646
1.11783e-05, 0.0891831
1.12083e-05, 0.0943648
1.12383e-05, 0.0990754
1.12683e-05, 0.103222
1.12983e-05, 0.106733
1.13283e-05, 0.109556
1.13583e-05, 0.111653
1.13883e-05, 0.113008
1.14183e-05, 0.113615
1.14483e-05, 0.113487
1.14783e-05, 0.112648
1.15083e-05, 0.111133
1.15382e-05, 0.10899
1.15682e-05, 0.106275
1.15982e-05, 0.103056
1.16282e-05, 0.099407
1.16582e-05, 0.0954137
1.16882e-05, 0.0911726
1.17182e-05, 0.0867929
1.17482e-05, 0.0823994
1.17782e-05, 0.0781339
1.18082e-05, 0.0741567
1.18382e-05, 0.0706427
1.18682e-05, 0.0677728
1.18982e-05, 0.0657163
1.19282e-05, 0.0646053
1.19582e-05, 0.0645086
1.19882e-05, 0.0654134
1.20181e-05, 0.0672265
1.20481e-05, 0.0697923
1.20781e-05, 0.0729199
1.21081e-05, 0.0764104
1.21381e-05, 0.0800744
1.21681e-05, 0.0837435
1.21981e-05, 0.0872746
1.22281e-05, 0.090551
1.22581e-05, 0.0934817
1.22881e-05, 0.0959999
1.23181e-05, 0.0980608
1.23481e-05, 0.0996403
1.23781e-05, 0.100733
1.24081e-05, 0.10135
1.24381e-05, 0.101517
1.24681e-05, 0.101273
1.2498e-05, 0.10067
1.2528e-05, 0.0997648
1.2558e-05, 0.0986254
1.2588e-05, 0.097323
1.2618e-05, 0.0959312
1.2648e-05, 0.0945245
1.2678e-05, 0.0931738
1.2708e-05, 0.0919443
1.2738e-05, 0.090892
1.2768e-05, 0.0900599
1.2798e-05, 0.0894763
1.2828e-05, 0.0891521
1.2858e-05, 0.0890803
1.2888e-05, 0.0892373
1.2918e-05, 0.0895847
1.2948e-05, 0.0900726
1.29779e-05, 0.0906437
1.30079e-05, 0.091238
1.30379e-05, 0.0917962
1.30679e-05, 0.0922639
1.30979e-05, 0.0925945
1.31279e-05, 0.0927517
1.31579e-05, 0.0927112
1.31879e-05, 0.0924618
1.32179e-05, 0.0920062
1.32479e-05, 0.0913613
1.32779e-05, 0.0905576
1.33079e-05, 0.0896386
1.33379e-05, 0.0886595
1.33679e-05, 0.0876853
1.33979e-05, 0.086788
1.34279e-05, 0.0860428
1.34578e-05, 0.0855238
1.34878e-05, 0.0852982
1.35178e-05, 0.0854212
1.35478e-05, 0.0859302
1.35778e-05, 0.086841
1.36078e-05, 0.0881452
1.36378e-05, 0.0898109
1.36678e-05, 0.0917846
1.36978e-05, 0.0939952
1.37278e-05, 0.096359
1.37578e-05, 0.0987849
1.37878e-05, 0.101179
1.38178e-05, 0.103449
1.38478e-05, 0.105509
1.38778e-05, 0.107279
1.39078e-05, 0.108691
1.39377e-05, 0.10969
1.39677e-05, 0.110231
1.39977e-05, 0.110289
1.40277e-05, 0.109849
1.40577e-05, 0.108915
1.40877e-05, 0.107505
1.41177e-05, 0.105655
1.41477e-05, 0.103414
1.41777e-05, 0.10085
1.42077e-05, 0.0980438
1.42377e-05, 0.0950926
1.42677e-05, 0.0921077
1.42977e-05, 0.0892132
1.43277e-05, 0.0865429
1.43577e-05, 0.0842347
1.43877e-05, 0.0824226
1.44176e-05, 0.0812253
1.44476e-05, 0.0807332
1.44776e-05, 0.080997
1.45076e-05, 0.0820193
1.45376e-05, 0.0837542
1.45676e-05, 0.0861133
1.45976e-05, 0.0889763
1.46276e-05, 0.0922037
1.46576e-05, 0.0956482
1.46876e-05, 0.0991635
1.47176e-05, 0.102611
1.47476e-05, 0.105864
1.47776e-05, 0.108809
1.48076e-05, 0.11135
1.48376e-05, 0.113404
1.48676e-05, 0.11491
1.48975e-05, 0.115822
1.49275e-05, 0.116112
1.49575e-05, 0.11577
1.49875e-05, 0.114804
1.50175e-05, 0.113241
1.50475e-05, 0.111123
1.50775e-05, 0.108514
1.51075e-05, 0.105492
1.51375e-05, 0.102153
1.51675e-05, 0.0986122
1.51975e-05, 0.0950002
1.52275e-05, 0.0914639
1.52575e-05, 0.0881626
1.52875e-05, 0.085262
1.53175e-05, 0.0829238
1.53475e-05, 0.0812916
1.53774e-05, 0.0804738
1.54074e-05, 0.0805279
1.54374e-05, 0.0814509
1.54674e-05, 0.0831797
1.54974e-05, 0.0856012
1.55274e-05, 0.0885686
1.55574e-05, 0.0919188
1.55874e-05, 0.0954859
1.56174e-05, 0.0991124
1.56474e-05, 0.102655
1.56774e-05, 0.105986
1.57074e-05, 0.109
1.57374e-05, 0.111606
1.57674e-05, 0.113735
1.57974e-05, 0.115333
1.58274e-05, 0.116367
1.58573e-05, 0.116818
1.58873e-05, 0.116686
1.59173e-05, 0.115983
1.59473e-05, 0.114741
1.59773e-05, 0.113002
1.60073e-05, 0.110827
1.60373e-05, 0.108289
1.60673e-05, 0.105476
1.60973e-05, 0.102489
1.61273e-05, 0.0994422
1.61573e-05, 0.0964624
1.61873e-05, 0.0936827
1.62173e-05, 0.0912389
1.62473e-05, 0.0892609
1.62773e-05, 0.0878613
1.63073e-05, 0.087124
1.63372e-05, 0.0870929
1.63672e-05, 0.0877656
1.63972e-05, 0.0890932
1.64272e-05, 0.0909866
1.64572e-05, 0.0933271
1.64872e-05, 0.0959791
1.65172e-05, 0.0988018
1.65472e-05, 0.101659
1.65772e-05, 0.104424
1.66072e-05, 0.106987
1.66372e-05, 0.109256
1.66672e-05, 0.111157
1.66972e-05, 0.112635
1.67272e-05, 0.113654
1.67572e-05, 0.114198
1.67872e-05, 0.114268
1.68171e-05, 0.11388
1.68471e-05, 0.113067
1.68771e-05, 0.111876
1.69071e-05, 0.110367
1.69371e-05, 0.108611
1.69671e-05, 0.106689
1.69971e-05, 0.104689
1.70271e-05, 0.102706
1.70571e-05, 0.100834
1.70871e-05, 0.0991652
1.71171e-05, 0.0977855
1.71471e-05, 0.0967662
1.71771e-05, 0.0961603
1.72071e-05, 0.0959973
1.72371e-05, 0.0962805
1.72671e-05, 0.0969862
1.7297e-05, 0.0980662
1.7327e-05, 0.0994517
1.7357e-05, 0.101059
1.7387e-05, 0.102797
1.7417e-05, 0.10457
1.7447e-05, 0.106289
1.7477e-05, 0.107867
1.7507e-05, 0.109233
1.7537e-05, 0.110325
1.7567e-05, 0.111097
1.7597e-05, 0.111518
1.7627e-05, 0.111575
1.7657e-05, 0.11127
1.7687e-05, 0.110622
1.7717e-05, 0.109666
1.7747e-05, 0.108453
1.77769e-05, 0.107046
1.78069e-05, 0.105522
1.78369e-05, 0.103969
1.78669e-05, 0.102479
1.78969e-05, 0.101149
1.79269e-05, 0.100069
1.79569e-05, 0.0993241
1.79869e-05, 0.098979
1.80169e-05, 0.0990779
1.80469e-05, 0.0996378
1.80769e-05, 0.100647
1.81069e-05, 0.102064
1.81369e-05, 0.103826
1.81669e-05, 0.105847
1.81969e-05, 0.108031
1.82269e-05, 0.110276
1.82568e-05, 0.112476
1.82868e-05, 0.114532
1.83168e-05, 0.116353
1.83468e-05, 0.117857
1.83768e-05, 0.118978
1.84068e-05, 0.11966
1.84368e-05, 0.119868
1.84668e-05, 0.119581
1.84968e-05, 0.118794
1.85268e-05, 0.117522
1.85568e-05, 0.115796
1.85868e-05, 0.113664
1.86168e-05, 0.111193
1.86468e-05, 0.108468
1.86768e-05, 0.105589
1.87068e-05, 0.102674
1.87367e-05, 0.0998518
1.87667e-05, 0.0972634
1.87967e-05, 0.0950514
1.88267e-05, 0.0933515
1.88567e-05, 0.0922814
1.88867e-05, 0.0919276
1.89167e-05, 0.0923338
1.89467e-05, 0.0934952
1.89767e-05, 0.0953584
1.90067e-05, 0.0978281
1.90367e-05, 0.100778
1.90667e-05, 0.104064
1.90967e-05, 0.107533
1.91267e-05, 0.111035
1.91567e-05, 0.114428
1.91867e-05, 0.117583
1.92166e-05, 0.120385
1.92466e-05, 0.122737
1.92766e-05, 0.124559
1.93066e-05, 0.125789
1.93366e-05, 0.126385
1.93666e-05, 0.126323
1.93966e-05, 0.125597
1.94266e-05, 0.124223
1.94566e-05, 0.122233
1.94866e-05, 0.119681
1.95166e-05, 0.116636
1.95466e-05, 0.113192
1.95766e-05, 0.109457
1.96066e-05, 0.105563
1.96366e-05, 0.101657
1.96666e-05, 0.0979041
1.96965e-05, 0.0944815
1.97265e-05, 0.0915687
1.97565e-05, 0.0893351
1.97865e-05, 0.087923
1.98165e-05, 0.0874281
1.98465e-05, 0.087885
1.98765e-05, 0.0892607
1.99065e-05, 0.0914608
1.99365e-05, 0.0943432
1.99665e-05, 0.0977373
1.99965e-05, 0.101462
2.00265e-05, 0.105338
2.00565e-05, 0.109199
2.00865e-05, 0.112895
2.01165e-05, 0.116295
2.01465e-05, 0.119288
2.01764e-05, 0.121784
2.02064e-05, 0.12371
2.02364e-05, 0.125016
2.02664e-05, 0.125668
2.02964e-05, 0.12565
2.03264e-05, 0.124964
2.03564e-05, 0.12363
2.03864e-05, 0.121684
2.04164e-05, 0.119178
2.04464e-05, 0.116183
2.04764e-05, 0.112784
2.05064e-05, 0.109082
2.05364e-05, 0.105196
2.05664e-05, 0.101262
2.05964e-05, 0.0974269
2.06264e-05, 0.0938528
2.06563e-05, 0.0907051
2.06863e-05, 0.0881446
2.07163e-05, 0.0863135
2.07463e-05, 0.0853185
2.07763e-05, 0.0852159
2.08063e-05, 0.0860024
2.08363e-05, 0.0876156
2.08663e-05, 0.0899438
2.08963e-05, 0.092842
2.09263e-05, 0.0961485
2.09563e-05, 0.0996998
2.09863e-05, 0.10334
2.10163e-05, 0.106929
2.10463e-05, 0.110343
2.10763e-05, 0.113477
2.11063e-05, 0.116247
2.11362e-05, 0.118585
2.11662e-05, 0.120443
2.11962e-05, 0.121787
2.12262e-05, 0.122604
2.12562e-05, 0.122892
2.12862e-05, 0.122666
2.13162e-05, 0.121955
2.13462e-05, 0.120801
2.13762e-05, 0.119259
2.14062e-05, 0.117395
2.14362e-05, 0.115286
2.14662e-05, 0.11302
2.14962e-05, 0.110689
2.15262e-05, 0.108393
2.15562e-05, 0.10623
2.15862e-05, 0.104295
2.16161e-05, 0.102674
2.16461e-05, 0.101436
2.16761e-05, 0.100631
2.17061e-05, 0.100282
2.17361e-05, 0.100384
2.17661e-05, 0.100906
2.17961e-05, 0.101793
2.18261e-05, 0.102974
2.18561e-05, 0.104364
2.18861e-05, 0.105876
2.19161e-05, 0.107424
2.19461e-05, 0.108929
2.19761e-05, 0.110321
2.20061e-05, 0.111545
2.20361e-05, 0.11256
2.20661e-05, 0.11334
2.2096e-05, 0.113874
2.2126e-05, 0.114166
2.2156e-05, 0.114236
2.2186e-05, 0.114112
2.2216e-05, 0.113837
2.2246e-05, 0.11346
2.2276e-05, 0.113036
2.2306e-05, 0.112623
2.2336e-05, 0.112278
2.2366e-05, 0.112054
2.2396e-05, 0.111996
2.2426e-05, 0.112136
2.2456e-05, 0.112494
2.2486e-05, 0.113072
2.2516e-05, 0.113856
2.2546e-05, 0.114818
2.25759e-05, 0.115912
2.26059e-05, 0.117083
2.26359e-05, 0.118268
2.26659e-05, 0.119395
2.26959e-05, 0.120396
2.27259e-05, 0.1212
2.27559e-05, 0.121746
2.27859e-05, 0.121976
2.28159e-05, 0.121846
2.28459e-05, 0.121323
2.28759e-05, 0.120388
2.29059e-05, 0.119039
2.29359e-05, 0.11729
2.29659e-05, 0.115175
2.29959e-05, 0.112745
2.30259e-05, 0.110075
2.30558e-05, 0.107258
2.30858e-05, 0.104406
2.31158e-05, 0.101652
2.31458e-05, 0.0991381
2.31758e-05, 0.0970155
2.32058e-05, 0.095429
2.32358e-05, 0.094505
2.32658e-05, 0.0943366
2.32958e-05, 0.0949706
2.33258e-05, 0.0964006
2.33558e-05, 0.0985679
2.33858e-05, 0.101369
2.34158e-05, 0.104667
2.34458e-05, 0.108309
2.34758e-05, 0.112134
2.35058e-05, 0.115984
2.35357e-05, 0.11971
2.35657e-05, 0.123178
2.35957e-05, 0.126269
2.36257e-05, 0.128878
2.36557e-05, 0.130922
2.36857e-05, 0.132332
2.37157e-05, 0.133057
2.37457e-05, 0.133065
2.37757e-05, 0.132339
2.38057e-05, 0.130879
2.38357e-05, 0.128702
2.38657e-05, 0.125845
2.38957e-05, 0.122357
2.39257e-05, 0.118308
2.39557e-05, 0.113786
2.39857e-05, 0.108901
2.40156e-05, 0.103782
2.40456e-05, 0.0985874
2.40756e-05, 0.0934996
2.41056e-05, 0.0887309
2.41356e-05, 0.0845169
2.41656e-05, 0.0811056
2.41956e-05, 0.0787328
2.42256e-05, 0.0775877
2.42556e-05, 0.0777744
2.42856e-05, 0.0792877
2.43156e-05, 0.0820135
2.43456e-05, 0.0857549
2.43756e-05, 0.0902695
2.44056e-05, 0.0953032
2.44356e-05, 0.100613
2.44656e-05, 0.105981
2.44955e-05, 0.111212
2.45255e-05, 0.116142
2.45555e-05, 0.120632
2.45855e-05, 0.124565
2.46155e-05, 0.127847
2.46455e-05, 0.130406
2.46755e-05, 0.132188
2.47055e-05, 0.133161
2.47355e-05, 0.133307
2.47655e-05, 0.132633
2.47955e-05, 0.131158
2.48255e-05, 0.128922
2.48555e-05, 0.125984
2.48855e-05, 0.122417
2.49155e-05, 0.118316
2.49455e-05, 0.113792
2.49754e-05, 0.108975
2.50054e-05, 0.104015
2.50354e-05, 0.0990822
2.50654e-05, 0.0943631
2.50954e-05, 0.0900589
2.51254e-05, 0.0863748
2.51554e-05, 0.0835043
2.51854e-05, 0.0816074
2.52154e-05, 0.0807858
2.52454e-05, 0.0810642
2.52754e-05, 0.0823846
2.53054e-05, 0.0846181
2.53354e-05, 0.0875876
2.53654e-05, 0.0910941
2.53954e-05, 0.0949379
2.54254e-05, 0.0989333
2.54553e-05, 0.102916
2.54853e-05, 0.106745
2.55153e-05, 0.110303
2.55453e-05, 0.113497
2.55753e-05, 0.116253
2.56053e-05, 0.118516
2.56353e-05, 0.120251
2.56653e-05, 0.121437
2.56953e-05, 0.12207
2.57253e-05, 0.122162
2.57553e-05, 0.121739
2.57853e-05, 0.12084
2.58153e-05, 0.119517
2.58453e-05, 0.117837
2.58753e-05, 0.115876
2.59053e-05, 0.113721
2.59352e-05, 0.111467
2.59652e-05, 0.109215
2.59952e-05, 0.107065
2.60252e-05, 0.105115
2.60552e-05, 0.103453
2.60852e-05, 0.102151
2.61152e-05, 0.10126
2.61452e-05, 0.100804
2.61752e-05, 0.10078
2.62052e-05, 0.101158
2.62352e-05, 0.101881
2.62652e-05, 0.102879
2.62952e-05, 0.104066
2.63252e-05, 0.105354
2.63552e-05, 0.106656
2.63852e-05, 0.107893
2.64151e-05, 0.108996
2.64451e-05, 0.109908
2.64751e-05, 0.110588
2.65051e-05, 0.111011
2.65351e-05, 0.111168
2.65651e-05, 0.111064
2.65951e-05, 0.110719
2.66251e-05, 0.110166
2.66551e-05, 0.109452
2.66851e-05, 0.108631
2.67151e-05, 0.107766
2.67451e-05, 0.106922
2.67751e-05, 0.106166
2.68051e-05, 0.105561
2.68351e-05, 0.105163
2.68651e-05, 0.105013
2.6895e-05, 0.10514
2.6925e-05, 0.105552
2.6955e-05, 0.10624
2.6985e-05, 0.107174
2.7015e-05, 0.108309
2.7045e-05, 0.109585
2.7075e-05, 0.110933
2.7105e-05, 0.112277
2.7135e-05, 0.11354
2.7165e-05, 0.114646
2.7195e-05, 0.115527
2.7225e-05, 0.116119
2.7255e-05, 0.11637
2.7285e-05, 0.116241
2.7315e-05, 0.115705
2.7345e-05, 0.114751
2.73749e-05, 0.113385
2.74049e-05, 0.11163
2.74349e-05, 0.109526
2.74649e-05, 0.107132
2.74949e-05, 0.104528
2.75249e-05, 0.10181
2.75549e-05, 0.0990926
2.75849e-05, 0.0965028
2.76149e-05, 0.0941777
2.76449e-05, 0.0922543
2.76749e-05, 0.0908589
2.77049e-05, 0.0900947
2.77349e-05, 0.0900284
2.77649e-05, 0.0906814
2.77949e-05, 0.0920265
2.78249e-05, 0.0939909
2.78548e-05, 0.096466
2.78848e-05, 0.0993193
2.79148e-05, 0.102406
2.79448e-05, 0.105582
2.79748e-05, 0.108707
2.80048e-05, 0.111652
2.80348e-05, 0.114305
2.80648e-05, 0.116568
2.80948e-05, 0.118358
2.81248e-05, 0.119611
2.81548e-05, 0.120278
2.81848e-05, 0.120327
2.82148e-05, 0.119742
2.82448e-05, 0.118522
2.82748e-05, 0.116681
2.83048e-05, 0.114251
2.83347e-05, 0.111277
2.83647e-05, 0.107823
2.83947e-05, 0.10397
2.84247e-05, 0.0998177
2.84547e-05, 0.095486
2.84847e-05, 0.0911181
2.85147e-05, 0.0868803
2.85447e-05, 0.082961
2.85747e-05, 0.0795641
2.86047e-05, 0.0768969
2.86347e-05, 0.0751472
2.86647e-05, 0.0744555
2.86947e-05, 0.0748876
2.87247e-05, 0.07642
2.87547e-05, 0.0789447
2.87847e-05, 0.0822904
2.88146e-05, 0.0862514
2.88446e-05, 0.0906124
2.88746e-05, 0.0951665
2.89046e-05, 0.0997248
2.89346e-05, 0.10412
2.89646e-05, 0.108208
2.89946e-05, 0.111867
2.90246e-05, 0.114995
2.90546e-05, 0.117511
2.90846e-05, 0.119353
2.91146e-05, 0.120477
2.91446e-05, 0.120856
2.91746e-05, 0.120484
2.92046e-05, 0.119368
2.92346e-05, 0.117536
2.92646e-05, 0.11503
2.92945e-05, 0.111913
2.93245e-05, 0.108261
2.93545e-05, 0.104172
2.93845e-05, 0.0997603
2.94145e-05, 0.095159
2.94445e-05, 0.0905218
2.94745e-05, 0.0860208
2.95045e-05, 0.0818442
2.95345e-05, 0.0781888
2.95645e-05, 0.075247
2.95945e-05, 0.0731865
2.96245e-05, 0.072125
2.96545e-05, 0.072109
2.96845e-05, 0.0731032
2.97145e-05, 0.0749987
2.97445e-05, 0.0776338
2.97744e-05, 0.0808201
2.98044e-05, 0.0843664
2.98344e-05, 0.088093
2.98644e-05, 0.0918404
2.98944e-05, 0.0954716
2.99244e-05, 0.0988721
2.99544e-05, 0.101948
2.99844e-05, 0.104626
3.00144e-05, 0.106847
3.00444e-05, 0.108571
3.00744e-05, 0.10977
3.01044e-05, 0.110433
3.01344e-05, 0.11056
3.01644e-05, 0.110166
3.01944e-05, 0.109279
3.02244e-05, 0.107941
3.02543e-05, 0.106207
3.02843e-05, 0.104146
3.03143e-05, 0.101839
3.03443e-05, 0.09938
3.03743e-05, 0.0968736
3.04043e-05, 0.0944308
3.04343e-05, 0.0921656
3.04643e-05, 0.0901887
3.04943e-05, 0.0885989
3.05243e-05, 0.0874749
3.05543e-05, 0.0868673
3.05843e-05, 0.0867922
3.06143e-05, 0.0872295
3.06443e-05, 0.088126
3.06743e-05, 0.0894009
3.07043e-05, 0.0909555
3.07342e-05, 0.0926819
3.07642e-05, 0.094472
3.07942e-05, 0.0962237
3.08242e-05, 0.0978461
3.08542e-05, 0.099262
3.08842e-05, 0.10041
3.09142e-05, 0.101246
3.09442e-05, 0.101742
3.09742e-05, 0.101885
3.10042e-05, 0.101679
3.10342e-05, 0.101142
3.10642e-05, 0.100307
3.10942e-05, 0.0992175
3.11242e-05, 0.0979276
3.11542e-05, 0.0965011
3.11842e-05, 0.095008
3.12141e-05, 0.0935219
3.12441e-05, 0.0921168
3.12741e-05, 0.0908629
3.13041e-05, 0.0898229
3.13341e-05, 0.0890472
3.13641e-05, 0.0885703
3.13941e-05, 0.0884081
3.14241e-05, 0.0885565
3.14541e-05, 0.0889921
3.14841e-05, 0.0896739
3.15141e-05, 0.0905476
3.15441e-05, 0.0915487
3.15741e-05, 0.0926078
3.16041e-05, 0.0936544
3.16341e-05, 0.0946206
3.16641e-05, 0.095444
3.1694e-05, 0.09607
3.1724e-05, 0.0964537
3.1754e-05, 0.0965616
3.1784e-05, 0.0963718
3.1814e-05, 0.095876
3.1844e-05, 0.0950792
3.1874e-05, 0.0940006
3.1904e-05, 0.0926743
3.1934e-05, 0.0911486
3.1964e-05, 0.0894865
3.1994e-05, 0.087764
3.2024e-05, 0.0860686
3.2054e-05, 0.0844958
3.2084e-05, 0.0831442
3.2114e-05, 0.082109
3.2144e-05, 0.0814735
3.21739e-05, 0.0813009
3.22039e-05, 0.0816266
3.22339e-05, 0.0824537
3.22639e-05, 0.0837519
3.22939e-05, 0.0854608
3.23239e-05, 0.0874959
3.23539e-05, 0.0897569
3.23839e-05, 0.0921352
3.24139e-05, 0.0945208
3.24439e-05, 0.0968082
3.24739e-05, 0.0988999
3.25039e-05, 0.10071
3.25339e-05, 0.102163
3.25639e-05, 0.103201
3.25939e-05, 0.103778
3.26239e-05, 0.103864
3.26538e-05, 0.103443
3.26838e-05, 0.102515
3.27138e-05, 0.101097
3.27438e-05, 0.099219
3.27738e-05, 0.0969297
3.28038e-05, 0.0942925
3.28338e-05, 0.0913874
3.28638e-05, 0.0883112
3.28938e-05, 0.0851768
3.29238e-05, 0.0821121
3.29538e-05, 0.0792564
3.29838e-05, 0.0767554
3.30138e-05, 0.0747506
3.30438e-05, 0.0733671
3.30738e-05, 0.0726984
3.31038e-05, 0.0727923
3.31337e-05, 0.0736437
3.31637e-05, 0.075195
3.31937e-05, 0.0773457
3.32237e-05, 0.0799658
3.32537e-05, 0.0829116
3.32837e-05, 0.0860368
3.33137e-05, 0.0892018
3.33437e-05, 0.0922785
3.33737e-05, 0.0951528
3.34037e-05, 0.0977258
3.34337e-05, 0.0999136
3.34637e-05, 0.101647
3.34937e-05, 0.102873
3.35237e-05, 0.103552
3.35537e-05, 0.10366
3.35837e-05, 0.103186
3.36136e-05, 0.102137
3.36436e-05, 0.100533
3.36736e-05, 0.0984126
3.37036e-05, 0.0958311
3.37336e-05, 0.0928618
3.37636e-05, 0.0895976
3.37936e-05, 0.0861517
3.38236e-05, 0.082658
3.38536e-05, 0.0792697
3.38836e-05, 0.076156
3.39136e-05, 0.0734931
3.39436e-05, 0.0714505
3.39736e-05, 0.0701713
3.40036e-05, 0.0697504
3.40336e-05, 0.0702166
3.40636e-05, 0.0715277
3.40935e-05, 0.0735779
3.41235e-05, 0.076217
3.41535e-05, 0.0792721
3.41835e-05, 0.0825668
3.42135e-05, 0.0859342
3.42435e-05, 0.0892237
3.42735e-05, 0.092305
3.43035e-05, 0.0950678
3.43335e-05, 0.0974216
3.43635e-05, 0.099295
3.43935e-05, 0.100633
3.44235e-05, 0.101399
3.44535e-05, 0.10157
3.44835e-05, 0.101139
3.45135e-05, 0.100113
3.45435e-05, 0.0985138
3.45734e-05, 0.096377
3.46034e-05, 0.0937536
3.46334e-05, 0.0907097
3.46634e-05, 0.0873277
3.46934e-05, 0.0837071
3.47234e-05, 0.0799654
3.47534e-05, 0.0762386
3.47834e-05, 0.0726803
3.48134e-05, 0.069457
3.48434e-05, 0.0667399
3.48734e-05, 0.0646893
3.49034e-05, 0.063434
3.49334e-05, 0.0630493
3.49634e-05, 0.0635411
3.49934e-05, 0.0648441
3.50234e-05, 0.0668349
3.50533e-05, 0.0693536
3.50833e-05, 0.0722264
3.51133e-05, 0.0752835
3.51433e-05, 0.0783694
3.51733e-05, 0.0813484
3.52033e-05, 0.084106
3.52333e-05, 0.0865481
3.52633e-05, 0.0885996
3.52933e-05, 0.0902033
3.53233e-05, 0.0913178
3.53533e-05, 0.0919167
3.53833e-05, 0.0919871
3.54133e-05, 0.0915292
3.54433e-05, 0.0905558
3.54733e-05, 0.0890918
3.55033e-05, 0.0871744
3.55332e-05, 0.0848534
3.55632e-05, 0.0821919
3.55932e-05, 0.0792666
3.56232e-05, 0.0761699
3.56532e-05, 0.0730094
3.56832e-05, 0.0699087
3.57132e-05, 0.0670059
3.57432e-05, 0.0644482
3.57732e-05, 0.0623833
3.58032e-05, 0.0609446
3.58332e-05, 0.060233
3.58632e-05, 0.060299
3.58932e-05, 0.0611329
3.59232e-05, 0.0626659
3.59532e-05, 0.0647822
3.59832e-05, 0.067338
3.60131e-05, 0.070179
3.60431e-05, 0.0731542
3.60731e-05, 0.0761246
3.61031e-05, 0.0789676
3.61331e-05, 0.0815783
3.61631e-05, 0.0838702
3.61931e-05, 0.0857747
3.62231e-05, 0.08724
3.62531e-05, 0.0882306
3.62831e-05, 0.0887272
3.63131e-05, 0.0887251
3.63431e-05, 0.088235
3.63731e-05, 0.0872816
3.64031e-05, 0.0859039
3.64331e-05, 0.0841542
3.64631e-05, 0.0820979
3.6493e-05, 0.079813
3.6523e-05, 0.0773884
3.6553e-05, 0.0749225
3.6583e-05, 0.0725204
3.6613e-05, 0.0702898
3.6643e-05, 0.0683348
3.6673e-05, 0.066749
3.6703e-05, 0.0656067
3.6733e-05, 0.0649548
3.6763e-05, 0.0648073
3.6793e-05, 0.065144
3.6823e-05, 0.0659135
3.6853e-05, 0.0670405
3.6883e-05, 0.0684346
3.6913e-05, 0.0699996
3.6943e-05, 0.0716407
3.69729e-05, 0.0732698
3.70029e-05, 0.0748087
3.70329e-05, 0.0761913
3.70629e-05, 0.0773639
3.70929e-05, 0.0782854
3.71229e-05, 0.0789275
3.71529e-05, 0.0792736
3.71829e-05, 0.0793193
3.72129e-05, 0.0790715
3.72429e-05, 0.0785485
3.72729e-05, 0.0777796
3.73029e-05, 0.0768049
3.73329e-05, 0.0756745
3.73629e-05, 0.074448
3.73929e-05, 0.0731929
3.74229e-05, 0.071982
3.74528e-05, 0.0708906
3.74828e-05, 0.0699921
3.75128e-05, 0.0693523
3.75428e-05, 0.0690241
3.75728e-05, 0.069042
3.76028e-05, 0.069418
3.76328e-05, 0.0701404
3.76628e-05, 0.0711749
3.76928e-05, 0.0724672
3.77228e-05, 0.0739492
3.77528e-05, 0.0755436
3.77828e-05, 0.07717
3.78128e-05, 0.0787489
3.78428e-05, 0.080206
3.78728e-05, 0.0814743
3.79028e-05, 0.0824965
3.79327e-05, 0.0832262
3.79627e-05, 0.0836287
3.79927e-05, 0.0836822
3.80227e-05, 0.0833777
3.80527e-05, 0.0827198
3.80827e-05, 0.0817269
3.81127e-05, 0.0804315
3.81427e-05, 0.0788802
3.81727e-05, 0.0771333
3.82027e-05, 0.0752646
3.82327e-05, 0.0733598
3.82627e-05, 0.0715136
3.82927e-05, 0.0698261
3.83227e-05, 0.0683964
3.83527e-05, 0.067315
3.83827e-05, 0.0666545
3.84126e-05, 0.0664613
3.84426e-05, 0.066749
3.84726e-05, 0.0674964
3.85026e-05, 0.0686505
3.85326e-05, 0.0701323
3.85626e-05, 0.0718462
3.85926e-05, 0.0736883
3.86226e-05, 0.0755539
3.86526e-05, 0.0773433
3.86826e-05, 0.0789657
3.87126e-05, 0.0803409
3.87426e-05, 0.0814013
3.87726e-05, 0.0820917
3.88026e-05, 0.0823702
3.88326e-05, 0.0822076
3.88626e-05, 0.0815875
3.88925e-05, 0.0805068
3.89225e-05, 0.0789747
3.89525e-05, 0.0770141
3.89825e-05, 0.0746614
3.90125e-05, 0.0719675
3.90425e-05, 0.0689989
3.90725e-05, 0.0658388
3.91025e-05, 0.0625889
3.91325e-05, 0.0593703
3.91625e-05, 0.056323
3.91925e-05, 0.0536029
3.92225e-05, 0.051372
3.92525e-05, 0.0497824
3.92825e-05, 0.0489518
3.93125e-05, 0.0489392
3.93425e-05, 0.04973
3.93724e-05, 0.0512386
3.94024e-05, 0.053327
3.94324e-05, 0.0558311
3.94624e-05, 0.0585828
3.94924e-05, 0.0614252
3.95224e-05, 0.0642196
3.95524e-05, 0.0668479
3.95824e-05, 0.0692126
3.96124e-05, 0.0712346
3.96424e-05, 0.0728523
3.96724e-05, 0.0740192
3.97024e-05, 0.0747031
3.97324e-05, 0.0748845
3.97624e-05, 0.0745559
3.97924e-05, 0.073721
3.98224e-05, 0.0723939
3.98523e-05, 0.0705984
3.98823e-05, 0.0683686
3.99123e-05, 0.0657478
3.99423e-05, 0.0627897
3.99723e-05, 0.0595592
4.00023e-05, 0.0561339
4.00323e-05, 0.0526063
4.00623e-05, 0.0490874
4.00923e-05, 0.0457103
4.01223e-05, 0.042632
4.01523e-05, 0.040031
4.01823e-05, 0.0380945
4.02123e-05, 0.0369899
4.02423e-05, 0.0368242
4.02723e-05, 0.0376103
4.03023e-05, 0.0392614
4.03322e-05, 0.0416191
4.03622e-05, 0.0444947
4.03922e-05, 0.0477014
4.04222e-05, 0.0510724
4.04522e-05, 0.0544651
4.04822e-05, 0.0577604
4.05122e-05, 0.060859
4.05422e-05, 0.0636787
4.05722e-05, 0.0661511
4.06022e-05, 0.0682207
4.06322e-05, 0.0698431
4.06622e-05, 0.0709849
4.06922e-05, 0.0716231
4.07222e-05, 0.0717459
4.07522e-05, 0.0713517
4.07822e-05, 0.0704506
4.08121e-05, 0.0690638
4.08421e-05, 0.0672242
4.08721e-05, 0.0649769
4.09021e-05, 0.0623797
4.09321e-05, 0.0595035
4.09621e-05, 0.056433
4.09921e-05, 0.0532679
4.10221e-05, 0.0501229
4.10521e-05, 0.0471278
4.10821e-05, 0.0444241
4.11121e-05, 0.0421579
4.11421e-05, 0.0404653
4.11721e-05, 0.0394522
4.12021e-05, 0.0391718
4.12321e-05, 0.039612
4.12621e-05, 0.0406986
4.1292e-05, 0.0423144
4.1322e-05, 0.0443237
4.1352e-05, 0.0465931
4.1382e-05, 0.0490034
4.1412e-05, 0.0514543
4.1442e-05, 0.0538644
4.1472e-05, 0.0561689
4.1502e-05, 0.0583169
4.1532e-05, 0.0602683
4.1562e-05, 0.0619917
4.1592e-05, 0.0634628
4.1622e-05, 0.0646633
4.1652e-05, 0.0655799
4.1682e-05, 0.0662051
4.1712e-05, 0.0665371
4.1742e-05, 0.0665803
4.17719e-05, 0.0663468
4.18019e-05, 0.0658572
4.18319e-05, 0.0651417
4.18619e-05, 0.064241
4.18919e-05, 0.0632069
4.19219e-05, 0.0621019
4.19519e-05, 0.0609983
4.19819e-05, 0.059975
4.20119e-05, 0.0591139
4.20419e-05, 0.0584925
4.20719e-05, 0.0581772
4.21019e-05, 0.0582152
4.21319e-05, 0.0586278
4.21619e-05, 0.0594073
4.21919e-05, 0.0605176
4.22219e-05, 0.0618984
4.22518e-05, 0.0634725
4.22818e-05, 0.0651527
4.23118e-05, 0.0668498
4.23418e-05, 0.068478
4.23718e-05, 0.0699592
4.24018e-05, 0.0712263
4.24318e-05, 0.0722251
4.24618e-05, 0.0729151
4.24918e-05, 0.0732701
4.25218e-05, 0.0732789
4.25518e-05, 0.0729442
4.25818e-05, 0.0722828
4.26118e-05, 0.0713245
4.26418e-05, 0.0701113
4.26718e-05, 0.0686959
4.27018e-05, 0.0671398
4.27317e-05, 0.0655107
4.27617e-05, 0.0638798
4.27917e-05, 0.0623173
4.28217e-05, 0.0608882
4.28517e-05, 0.0596473
4.28817e-05, 0.0586342
4.29117e-05, 0.0578701
4.29417e-05, 0.0573554
4.29717e-05, 0.0570698
4.30017e-05, 0.0569755
4.30317e-05, 0.057021
4.30617e-05, 0.0571468
4.30917e-05, 0.0572903
4.31217e-05, 0.0573907
4.31517e-05, 0.0573924
4.31817e-05, 0.0572476
4.32116e-05, 0.0569176
4.32416e-05, 0.0563739
4.32716e-05, 0.055598
4.33016e-05, 0.0545811
4.33316e-05, 0.0533239
4.33616e-05, 0.051836
4.33916e-05, 0.0501351
4.34216e-05, 0.0482464
4.34516e-05, 0.0462021
4.34816e-05, 0.0440414
4.35116e-05, 0.0418095
4.35416e-05, 0.039558
4.35716e-05, 0.0373442
4.36016e-05, 0.0352307
4.36316e-05, 0.0332838
4.36616e-05, 0.0315713
4.36915e-05, 0.0301577
4.37215e-05, 0.0290976
4.37515e-05, 0.0284277
4.37815e-05, 0.0281606
4.38115e-05, 0.0282812
4.38415e-05, 0.0287495
4.38715e-05, 0.029508
4.39015e-05, 0.0304905
4.39315e-05, 0.0316302
4.39615e-05, 0.0328655
4.39915e-05, 0.0341422
4.40215e-05, 0.0354155
4.40515e-05, 0.0366485
4.40815e-05, 0.0378121
4.41115e-05, 0.038884
4.41415e-05, 0.0398471
4.41714e-05, 0.0406894
4.42014e-05, 0.0414026
4.42314e-05, 0.0419817
4.42614e-05, 0.0424245
4.42914e-05, 0.0427312
4.43214e-05, 0.042904
4.43514e-05, 0.0429468
4.43814e-05, 0.0428647
4.44114e-05, 0.0426644
4.44414e-05, 0.0423535
4.44714e-05, 0.0419402
4.45014e-05, 0.041434
4.45314e-05, 0.0408445
4.45614e-05, 0.0401821
4.45914e-05, 0.0394575
4.46214e-05, 0.0386815
4.46513e-05, 0.0378653
4.46813e-05, 0.03702
4.47113e-05, 0.0361567
4.47413e-05, 0.0352863
4.47713e-05, 0.0344193
4.48013e-05, 0.0335658
4.48313e-05, 0.0327355
4.48613e-05, 0.031937
4.48913e-05, 0.0311785
4.49213e-05, 0.0304667
4.49513e-05, 0.0298075
4.49813e-05, 0.0292054
4.50113e-05, 0.0286637
4.50413e-05, 0.0281841
4.50713e-05, 0.0277672
4.51013e-05, 0.027412
4.51312e-05, 0.0271165
4.51612e-05, 0.0268774
4.51912e-05, 0.0266908
4.52212e-05, 0.0265518
4.52512e-05, 0.0264552
4.52812e-05, 0.0263954
4.53112e-05, 0.0263668
4.53412e-05, 0.0263637
4.53712e-05, 0.0263805
4.54012e-05, 0.0264122
4.54312e-05, 0.0264537
4.54612e-05, 0.0265006
4.54912e-05, 0.0265489
4.55212e-05, 0.0265946
4.55512e-05, 0.0266344
4.55812e-05, 0.0266653
4.56111e-05, 0.0266847
4.56411e-05, 0.02669
4.56711e-05, 0.0266791
4.57011e-05, 0.0266499
4.57311e-05, 0.0266007
4.57611e-05, 0.0265297
4.57911e-05, 0.0264355
4.58211e-05, 0.0263166
4.58511e-05, 0.0261716
4.58811e-05, 0.0259994
4.59111e-05, 0.0257987
4.59411e-05, 0.0255685
4.59711e-05, 0.0253078
4.60011e-05, 0.0250158
4.60311e-05, 0.0246918
4.60611e-05, 0.024335
4.6091e-05, 0.0239452
4.6121e-05, 0.023522
4.6151e-05, 0.0230653
4.6181e-05, 0.0225752
4.6211e-05, 0.0220521
4.6241e-05, 0.0214966
4.6271e-05, 0.0209094
4.6301e-05, 0.0202916
4.6331e-05, 0.0196445
4.6361e-05, 0.0189698
4.6391e-05, 0.0182692
4.6421e-05, 0.0175451
4.6451e-05, 0.0167998
4.6481e-05, 0.0160363
4.6511e-05, 0.0152576
4.6541e-05, 0.0144675
4.65709e-05, 0.0136698
4.66009e-05, 0.0128693
4.66309e-05, 0.0120711
4.66609e-05, 0.0112811
4.66909e-05, 0.0105063
4.67209e-05, 0.00975484
4.67509e-05, 0.00903617
4.67809e-05, 0.00836155
4.68109e-05, 0.00774412
4.68409e-05, 0.00719883
4.68709e-05, 0.0067418
4.69009e-05, 0.00638892
4.69309e-05, 0.00615322
4.69609e-05, 0.00604193
4.69909e-05, 0.0060538
4.70209e-05, 0.00617898
4.70508e-05, 0.00640089
4.70808e-05, 0.00669946
4.71108e-05, 0.00705446
4.71408e-05, 0.00744734
4.71708e-05, 0.00786224
4.72008e-05, 0.00828606
4.72308e-05, 0.00870821
4.72608e-05, 0.00912027
4.72908e-05, 0.00951558
4.73208e-05, 0.00988881
4.73508e-05, 0.0102358
4.73808e-05, 0.0105533
4.74108e-05, 0.0108388
4.74408e-05, 0.0110902
4.74708e-05, 0.0113062
4.75008e-05, 0.0114857
4.75307e-05, 0.011628
4.75607e-05, 0.0117328
4.75907e-05, 0.0117999
4.76207e-05, 0.0118296
4.76507e-05, 0.0118221
4.76807e-05, 0.011778
4.77107e-05, 0.011698
4.77407e-05, 0.0115832
4.77707e-05, 0.0114345
4.78007e-05, 0.0112531
4.78307e-05, 0.0110406
4.78607e-05, 0.0107983
4.78907e-05, 0.0105281
4.79207e-05, 0.0102316
4.79507e-05, 0.00991071
4.79807e-05, 0.00956758
4.80106e-05, 0.00920426
4.80406e-05, 0.00882291
4.80706e-05, 0.00842584
4.81006e-05, 0.00801539
4.81306e-05, 0.00759402
4.81606e-05, 0.00716425
4.81906e-05, 0.00672872
4.82206e-05, 0.0062903
4.82506e-05, 0.00585196
4.82806e-05, 0.00541703
4.83106e-05, 0.00498931
4.83406e-05, 0.00457311
4.83706e-05, 0.00417366
4.84006e-05, 0.00379728
4.84306e-05, 0.00345174
4.84606e-05, 0.0031466
4.84905e-05, 0.00289294
4.85205e-05, 0.00270264
4.85505e-05, 0.00258612
4.85805e-05, 0.00254902
4.86105e-05, 0.00258985
4.86405e-05, 0.00269981
4.86705e-05, 0.00286572
4.87005e-05, 0.00307343
4.87305e-05, 0.00331029
4.87605e-05, 0.00356604
4.87905e-05, 0.00383285
4.88205e-05, 0.00410493
4.88505e-05, 0.00437807
4.88805e-05, 0.00464936
4.89105e-05, 0.00491672
4.89405e-05, 0.00517884
4.89704e-05, 0.00543496
4.90004e-05, 0.00568467
4.90304e-05, 0.00592795
4.90604e-05, 0.00616499
4.90904e-05, 0.00639627
4.91204e-05, 0.00662234
4.91504e-05, 0.00684396
4.91804e-05, 0.00706193
4.92104e-05, 0.00727713
4.92404e-05, 0.00749049
4.92704e-05, 0.0077029
4.93004e-05, 0.00791527
4.93304e-05, 0.00812848
4.93604e-05, 0.00834332
4.93904e-05, 0.00856054
4.94204e-05, 0.00878076
4.94503e-05, 0.00900452
4.94803e-05, 0.0092322
4.95103e-05, 0.00946411
4.95403e-05, 0.00970038
4.95703e-05, 0.00994103
4.96003e-05, 0.010186
4.96303e-05, 0.0104349
4.96603e-05, 0.0106875
4.96903e-05, 0.0109433
4.97203e-05, 0.0112016
4.97503e-05, 0.0114619
4.97803e-05, 0.0117233
4.98103e-05, 0.0119849
4.98403e-05, 0.012246
4.98703e-05, 0.0125056
4.99003e-05, 0.0127625
4.99302e-05, 0.013016
4.99602e-05, 0.0132649
4.99902e-05, 0.0135082
5.00202e-05, 0.013745
5.00502e-05, 0.0139741
5.00802e-05, 0.0141947
5.01102e-05, 0.0144058
5.01402e-05, 0.0146064
5.01702e-05, 0.0147958
5.02002e-05, 0.014973
5.02302e-05, 0.0151374
5.02602e-05, 0.0152882
5.02902e-05, 0.0154247
5.03202e-05, 0.0155465
5.03502e-05, 0.0156529
5.03802e-05, 0.0157435
5.04101e-05, 0.0158178
5.04401e-05, 0.0158756
5.04701e-05, 0.0159165
5.05001e-05, 0.0159403
5.05301e-05, 0.0159468
5.05601e-05, 0.015936
5.05901e-05, 0.0159078
5.06201e-05, 0.0158621
5.06501e-05, 0.015799
5.06801e-05, 0.0157187
5.07101e-05, 0.0156214
5.07401e-05, 0.0155072
5.07701e-05, 0.0153764
5.08001e-05, 0.0152293
5.08301e-05, 0.0150663
5.08601e-05, 0.014888
5.089e-05, 0.0146946
5.092e-05, 0.0144868
5.095e-05, 0.0142651
5.098e-05, 0.0140301
5.101e-05, 0.0137823
5.104e-05, 0.0135225
5.107e-05, 0.0132513
5.11e-05, 0.0129694


