

x(m), Y
-9.00747e-06, 0.0159242
-8.97748e-06, 0.0167345
-8.94748e-06, 0.0176589
-8.91749e-06, 0.0186907
-8.88749e-06, 0.0198195
-8.8575e-06, 0.0210313
-8.82751e-06, 0.0223086
-8.79751e-06, 0.023631
-8.76752e-06, 0.024975
-8.73753e-06, 0.0263159
-8.70753e-06, 0.0276284
-8.67754e-06, 0.0288882
-8.64754e-06, 0.0300738
-8.61755e-06, 0.0311686
-8.58756e-06, 0.0321621
-8.55756e-06, 0.0330523
-8.52757e-06, 0.0338466
-8.49758e-06, 0.0345627
-8.46758e-06, 0.0352282
-8.43759e-06, 0.0358795
-8.40759e-06, 0.0365585
-8.3776e-06, 0.0373091
-8.34761e-06, 0.0381712
-8.31761e-06, 0.0391759
-8.28762e-06, 0.0403402
-8.25763e-06, 0.0416645
-8.22763e-06, 0.0431318
-8.19764e-06, 0.0447096
-8.16764e-06, 0.0463542
-8.13765e-06, 0.0480144
-8.10766e-06, 0.0496375
-8.07766e-06, 0.0511733
-8.04767e-06, 0.0525778
-8.01768e-06, 0.0538161
-7.98768e-06, 0.0548644
-7.95769e-06, 0.055711
-7.92769e-06, 0.0563561
-7.8977e-06, 0.0568116
-7.86771e-06, 0.0570992
-7.83771e-06, 0.0572487
-7.80772e-06, 0.0572954
-7.77773e-06, 0.057277
-7.74773e-06, 0.0572305
-7.71774e-06, 0.0571898
-7.68774e-06, 0.0571831
-7.65775e-06, 0.0572312
-7.62776e-06, 0.057347
-7.59776e-06, 0.0575353
-7.56777e-06, 0.0577941
-7.53778e-06, 0.0581156
-7.50778e-06, 0.0584874
-7.47779e-06, 0.058894
-7.44779e-06, 0.0593175
-7.4178e-06, 0.059738
-7.38781e-06, 0.0601338
-7.35781e-06, 0.0604811
-7.32782e-06, 0.0607545
-7.29783e-06, 0.060927
-7.26783e-06, 0.0609707
-7.23784e-06, 0.0608579
-7.20784e-06, 0.0605629
-7.17785e-06, 0.0600639
-7.14786e-06, 0.0593448
-7.11786e-06, 0.0583978
-7.08787e-06, 0.0572251
-7.05788e-06, 0.0558408
-7.02788e-06, 0.0542717
-6.99789e-06, 0.0525574
-6.96789e-06, 0.0507501
-6.9379e-06, 0.0489118
-6.90791e-06, 0.0471107
-6.87791e-06, 0.0454155
-6.84792e-06, 0.0438885
-6.81793e-06, 0.0425769
-6.78793e-06, 0.0415053
-6.75794e-06, 0.040671
-6.72794e-06, 0.0400426
-6.69795e-06, 0.0395643
-6.66796e-06, 0.0391634
-6.63796e-06, 0.0387598
-6.60797e-06, 0.0382752
-6.57798e-06, 0.0376405
-6.54798e-06, 0.0368011
-6.51799e-06, 0.0357195
-6.48799e-06, 0.034377
-6.458e-06, 0.0327731
-6.42801e-06, 0.0309254
-6.39801e-06, 0.0288677
-6.36802e-06, 0.0266492
-6.33803e-06, 0.0243329
-6.30803e-06, 0.0219952
-6.27804e-06, 0.0197248
-6.24804e-06, 0.0176218
-6.21805e-06, 0.0157936
-6.18806e-06, 0.0143442
-6.15806e-06, 0.0133504
-6.12807e-06, 0.0128326
-6.09808e-06, 0.0127369
-6.06808e-06, 0.012949
-6.03809e-06, 0.0133328
-6.00809e-06, 0.0137637
-5.9781e-06, 0.0141453
-5.94811e-06, 0.0144102
-5.91811e-06, 0.0145168
-5.88812e-06, 0.0144435
-5.85813e-06, 0.0141855
-5.82813e-06, 0.0137519
-5.79814e-06, 0.0131656
-5.76814e-06, 0.012464
-5.73815e-06, 0.0117008
-5.70816e-06, 0.010949
-5.67816e-06, 0.0103011
-5.64817e-06, 0.00986141
-5.61818e-06, 0.0097252
-5.58818e-06, 0.00994452
-5.55819e-06, 0.0105055
-5.52819e-06, 0.0113356
-5.4982e-06, 0.012334
-5.46821e-06, 0.0133985
-5.43821e-06, 0.0144401
-5.40822e-06, 0.0153871
-5.37823e-06, 0.0161856
-5.34823e-06, 0.0167993
-5.31824e-06, 0.0172099
-5.28824e-06, 0.0174173
-5.25825e-06, 0.017441
-5.22826e-06, 0.0173207
-5.19826e-06, 0.0171163
-5.16827e-06, 0.0169048
-5.13828e-06, 0.0167738
-5.10828e-06, 0.016808
-5.07829e-06, 0.0170723
-5.04829e-06, 0.0175956
-5.0183e-06, 0.0183628
-4.98831e-06, 0.0193204
-4.95831e-06, 0.0203898
-4.92832e-06, 0.0214825
-4.89833e-06, 0.0225125
-4.86833e-06, 0.0234039
-4.83834e-06, 0.0240952
-4.80834e-06, 0.0245417
-4.77835e-06, 0.0247164
-4.74836e-06, 0.0246105
-4.71836e-06, 0.0242337
-4.68837e-06, 0.0236136
-4.65838e-06, 0.022795
-4.62838e-06, 0.0218387
-4.59839e-06, 0.0208193
-4.56839e-06, 0.0198205
-4.5384e-06, 0.018928
-4.50841e-06, 0.0182183
-4.47841e-06, 0.0177457
-4.44842e-06, 0.0175301
-4.41843e-06, 0.0175525
-4.38843e-06, 0.0177615
-4.35844e-06, 0.0180869
-4.32845e-06, 0.0184552
-4.29845e-06, 0.0188011
-4.26846e-06, 0.0190746
-4.23846e-06, 0.0192427
-4.20847e-06, 0.0192895
-4.17848e-06, 0.0192142
-4.14848e-06, 0.0190283
-4.11849e-06, 0.0187526
-4.0885e-06, 0.0184144
-4.0585e-06, 0.0180441
-4.02851e-06, 0.0176725
-3.99851e-06, 0.0173289
-3.96852e-06, 0.0170395
-3.93853e-06, 0.0168265
-3.90853e-06, 0.0167084
-3.87854e-06, 0.0166997
-3.84855e-06, 0.0168119
-3.81855e-06, 0.0170525
-3.78856e-06, 0.0174241
-3.75856e-06, 0.0179236
-3.72857e-06, 0.0185403
-3.69858e-06, 0.0192563
-3.66858e-06, 0.0200468
-3.63859e-06, 0.0208816
-3.6086e-06, 0.0217282
-3.5786e-06, 0.0225541
-3.54861e-06, 0.0233299
-3.51861e-06, 0.024032
-3.48862e-06, 0.024645
-3.45863e-06, 0.0251626
-3.42863e-06, 0.0255891
-3.39864e-06, 0.0259384
-3.36865e-06, 0.0262323
-3.33865e-06, 0.026498
-3.30866e-06, 0.0267635
-3.27866e-06, 0.0270527
-3.24867e-06, 0.0273805
-3.21868e-06, 0.0277487
-3.18868e-06, 0.0281447
-3.15869e-06, 0.0285412
-3.1287e-06, 0.0288998
-3.0987e-06, 0.0291745
-3.06871e-06, 0.0293179
-3.03871e-06, 0.0292854
-3.00872e-06, 0.0290409
-2.97873e-06, 0.0285602
-2.94873e-06, 0.027835
-2.91874e-06, 0.0268757
-2.88875e-06, 0.0257144
-2.85875e-06, 0.0244074
-2.82876e-06, 0.0230372
-2.79876e-06, 0.021713
-2.76877e-06, 0.0205659
-2.73878e-06, 0.0197352
-2.70878e-06, 0.0193403
-2.67879e-06, 0.0194461
-2.6488e-06, 0.0200385
-2.6188e-06, 0.0210303
-2.58881e-06, 0.0222907
-2.55881e-06, 0.0236791
-2.52882e-06, 0.0250674
-2.49883e-06, 0.0263493
-2.46883e-06, 0.0274423
-2.43884e-06, 0.028286
-2.40885e-06, 0.0288392
-2.37885e-06, 0.0290775
-2.34886e-06, 0.0289905
-2.31886e-06, 0.0285791
-2.28887e-06, 0.027854
-2.25888e-06, 0.0268335
-2.22888e-06, 0.0255424
-2.19889e-06, 0.0240109
-2.1689e-06, 0.0222752
-2.1389e-06, 0.0203785
-2.10891e-06, 0.0183743
-2.07891e-06, 0.0163331
-2.04892e-06, 0.0143527
-2.01893e-06, 0.0125746
-1.98893e-06, 0.0111975
-1.95894e-06, 0.0104578
-1.92895e-06, 0.0105275
-1.89895e-06, 0.0113845
-1.86896e-06, 0.0128273
-1.83896e-06, 0.0146091
-1.80897e-06, 0.0165256
-1.77898e-06, 0.0184268
-1.74898e-06, 0.0202038
-1.71899e-06, 0.0217756
-1.689e-06, 0.023082
-1.659e-06, 0.0240794
-1.62901e-06, 0.0247393
-1.59901e-06, 0.0250489
-1.56902e-06, 0.025011
-1.53903e-06, 0.024646
-1.50903e-06, 0.0239926
-1.47904e-06, 0.0231101
-1.44905e-06, 0.02208
-1.41905e-06, 0.0210065
-1.38906e-06, 0.0200151
-1.35906e-06, 0.0192428
-1.32907e-06, 0.018819
-1.29908e-06, 0.018835
-1.26908e-06, 0.0193173
-1.23909e-06, 0.0202209
-1.2091e-06, 0.0214473
-1.1791e-06, 0.022875
-1.14911e-06, 0.0243837
-1.11911e-06, 0.0258676
-1.08912e-06, 0.0272397
-1.05913e-06, 0.0284312
-1.02913e-06, 0.0293896
-9.99139e-07, 0.0300756
-9.69145e-07, 0.0304615
-9.39152e-07, 0.0305283
-9.09158e-07, 0.0302644
-8.79164e-07, 0.0296641
-8.4917e-07, 0.0287266
-8.19177e-07, 0.0274555
-7.89183e-07, 0.0258586
-7.59189e-07, 0.0239474
-7.29195e-07, 0.0217382
-6.99202e-07, 0.0192522
-6.69208e-07, 0.0165169
-6.39214e-07, 0.0135687
-6.0922e-07, 0.0104596
-5.79227e-07, 0.00728179
-5.49233e-07, 0.0043027
-5.19239e-07, 0.00288989
-4.89245e-07, 0.00487413
-4.59252e-07, 0.00803462
-4.29258e-07, 0.0113642
-3.99264e-07, 0.0146484
-3.6927e-07, 0.0177969
-3.39277e-07, 0.0207508
-3.09283e-07, 0.0234649
-2.79289e-07, 0.0259033
-2.49295e-07, 0.0280387
-2.19302e-07, 0.0298515
-1.89308e-07, 0.0313295
-1.59314e-07, 0.032468
-1.2932e-07, 0.0332689
-9.93266e-08, 0.0337401
-6.93329e-08, 0.0338953
-3.93392e-08, 0.033753
-9.3454e-09, 0.0333366
2.06483e-08, 0.032675
5.06421e-08, 0.0318032
8.06358e-08, 0.0307644
1.1063e-07, 0.0296121
1.40623e-07, 0.028413
1.70617e-07, 0.0272497
2.00611e-07, 0.0262214
2.30605e-07, 0.0254404
2.60598e-07, 0.0250202
2.90592e-07, 0.0250568
3.20586e-07, 0.0256054
3.5058e-07, 0.0266656
3.80573e-07, 0.0281823
4.10567e-07, 0.0300604
4.40561e-07, 0.0321852
4.70555e-07, 0.0344386
5.00548e-07, 0.0367094
5.30542e-07, 0.0388983
5.60536e-07, 0.0409201
5.9053e-07, 0.0427041
6.20523e-07, 0.0441943
6.50517e-07, 0.0453488
6.80511e-07, 0.0461393
7.10505e-07, 0.0465506
7.40498e-07, 0.046579
7.70492e-07, 0.0462315
8.00486e-07, 0.0455235
8.3048e-07, 0.0444773
8.60473e-07, 0.0431197
8.90467e-07, 0.0414803
9.20461e-07, 0.0395895
9.50455e-07, 0.0374771
9.80448e-07, 0.0351722
1.01044e-06, 0.0327032
1.04044e-06, 0.0301005
1.07043e-06, 0.0273999
1.10042e-06, 0.0246499
1.13042e-06, 0.0219229
1.16041e-06, 0.0193332
1.1904e-06, 0.0170624
1.2204e-06, 0.0153799
1.25039e-06, 0.0146121
1.28039e-06, 0.0149951
1.31038e-06, 0.0165037
1.34037e-06, 0.0188837
1.37037e-06, 0.0218291
1.40036e-06, 0.0250891
1.43035e-06, 0.0284808
1.46035e-06, 0.031872
1.49034e-06, 0.0351638
1.52034e-06, 0.0382806
1.55033e-06, 0.0411642
1.58032e-06, 0.0437706
1.61032e-06, 0.0460681
1.64031e-06, 0.0480369
1.6703e-06, 0.0496675
1.7003e-06, 0.0509607
1.73029e-06, 0.0519258
1.76029e-06, 0.0525801
1.79028e-06, 0.0529478
1.82027e-06, 0.053058
1.85027e-06, 0.0529445
1.88026e-06, 0.0526437
1.91025e-06, 0.0521937
1.94025e-06, 0.051633
1.97024e-06, 0.0509995
2.00024e-06, 0.0503287
2.03023e-06, 0.0496533
2.06022e-06, 0.0490011
2.09022e-06, 0.0483942
2.12021e-06, 0.0478475
2.1502e-06, 0.047368
2.1802e-06, 0.0469545
2.21019e-06, 0.0465972
2.24019e-06, 0.0462787
2.27018e-06, 0.0459755
2.30017e-06, 0.0456596
2.33017e-06, 0.0453011
2.36016e-06, 0.0448702
2.39015e-06, 0.0443397
2.42015e-06, 0.0436875
2.45014e-06, 0.0428983
2.48014e-06, 0.0419654
2.51013e-06, 0.0408931
2.54012e-06, 0.0396976
2.57012e-06, 0.0384097
2.60011e-06, 0.037076
2.6301e-06, 0.0357612
2.6601e-06, 0.0345491
2.69009e-06, 0.033541
2.72009e-06, 0.032851
2.75008e-06, 0.032594
2.78007e-06, 0.0328688
2.81007e-06, 0.0337385
2.84006e-06, 0.0352181
2.87005e-06, 0.0372724
2.90005e-06, 0.0398269
2.93004e-06, 0.0427819
2.96004e-06, 0.0460271
2.99003e-06, 0.0494499
3.02002e-06, 0.0529414
3.05002e-06, 0.0563986
3.08001e-06, 0.0597256
3.11e-06, 0.0628344
3.14e-06, 0.0656451
3.16999e-06, 0.0680874
3.19999e-06, 0.0701006
3.22998e-06, 0.0716349
3.25997e-06, 0.0726517
3.28997e-06, 0.0731244
3.31996e-06, 0.0730381
3.34995e-06, 0.0723897
3.37995e-06, 0.0711867
3.40994e-06, 0.0694466
3.43994e-06, 0.0671951
3.46993e-06, 0.0644647
3.49992e-06, 0.0612927
3.52992e-06, 0.0577194
3.55991e-06, 0.0537875
3.5899e-06, 0.0495407
3.6199e-06, 0.0450249
3.64989e-06, 0.0402911
3.67989e-06, 0.0354016
3.70988e-06, 0.0304438
3.73987e-06, 0.0255595
3.76987e-06, 0.0210066
3.79986e-06, 0.017284
3.82985e-06, 0.0152537
3.85985e-06, 0.0157744
3.88984e-06, 0.0187402
3.91984e-06, 0.0232692
3.94983e-06, 0.0286093
3.97982e-06, 0.0343204
4.00982e-06, 0.0401459
4.03981e-06, 0.045917
4.0698e-06, 0.0515073
4.0998e-06, 0.0568143
4.12979e-06, 0.0617507
4.15979e-06, 0.0662421
4.18978e-06, 0.070226
4.21977e-06, 0.0736518
4.24977e-06, 0.0764814
4.27976e-06, 0.0786893
4.30975e-06, 0.0802628
4.33975e-06, 0.0812014
4.36974e-06, 0.0815163
4.39974e-06, 0.0812291
4.42973e-06, 0.0803704
4.45972e-06, 0.0789789
4.48972e-06, 0.0770994
4.51971e-06, 0.0747818
4.5497e-06, 0.0720798
4.5797e-06, 0.0690507
4.60969e-06, 0.065755
4.63969e-06, 0.0622571
4.66968e-06, 0.0586263
4.69967e-06, 0.0549392
4.72967e-06, 0.0512818
4.75966e-06, 0.0477522
4.78965e-06, 0.0444629
4.81965e-06, 0.0415401
4.84964e-06, 0.0391185
4.87964e-06, 0.0373277
4.90963e-06, 0.036269
4.93962e-06, 0.0359898
4.96962e-06, 0.0364673
4.99961e-06, 0.0376116
5.0296e-06, 0.039289
5.0596e-06, 0.0413494
5.08959e-06, 0.0436502
5.11959e-06, 0.0460678
5.14958e-06, 0.0485025
5.17957e-06, 0.0508781
5.20957e-06, 0.0531393
5.23956e-06, 0.055249
5.26955e-06, 0.057185
5.29955e-06, 0.0589379
5.32954e-06, 0.0605082
5.35954e-06, 0.0619044
5.38953e-06, 0.063141
5.41952e-06, 0.0642368
5.44952e-06, 0.0652123
5.47951e-06, 0.0660891
5.5095e-06, 0.066887
5.5395e-06, 0.0676232
5.56949e-06, 0.0683104
5.59949e-06, 0.0689559
5.62948e-06, 0.0695603
5.65947e-06, 0.0701175
5.68947e-06, 0.0706146
5.71946e-06, 0.0710327
5.74945e-06, 0.0713473
5.77945e-06, 0.0715308
5.80944e-06, 0.0715536
5.83944e-06, 0.0713863
5.86943e-06, 0.0710018
5.89942e-06, 0.0703773
5.92942e-06, 0.0694962
5.95941e-06, 0.0683496
5.9894e-06, 0.0669377
6.0194e-06, 0.0652715
6.04939e-06, 0.0633732
6.07939e-06, 0.0612776
6.10938e-06, 0.0590331
6.13937e-06, 0.056703
6.16937e-06, 0.0543662
6.19936e-06, 0.0521184
6.22935e-06, 0.0500717
6.25935e-06, 0.0483516
6.28934e-06, 0.0470899
6.31934e-06, 0.0464124
6.34933e-06, 0.0464205
6.37932e-06, 0.0471742
6.40932e-06, 0.0486797
6.43931e-06, 0.0508898
6.4693e-06, 0.0537139
6.4993e-06, 0.0570337
6.52929e-06, 0.0607176
6.55929e-06, 0.0646312
6.58928e-06, 0.0686434
6.61927e-06, 0.0726295
6.64927e-06, 0.0764727
6.67926e-06, 0.0800653
6.70925e-06, 0.0833087
6.73925e-06, 0.0861149
6.76924e-06, 0.0884072
6.79924e-06, 0.0901212
6.82923e-06, 0.091206
6.85922e-06, 0.0916248
6.88922e-06, 0.0913554
6.91921e-06, 0.0903907
6.9492e-06, 0.0887387
6.9792e-06, 0.0864217
7.00919e-06, 0.0834767
7.03919e-06, 0.0799539
7.06918e-06, 0.0759171
7.09917e-06, 0.0714438
7.12917e-06, 0.0666262
7.15916e-06, 0.0615742
7.18915e-06, 0.0564213
7.21915e-06, 0.0513321
7.24914e-06, 0.046516
7.27914e-06, 0.0422396
7.30913e-06, 0.0388299
7.33912e-06, 0.0366429
7.36912e-06, 0.0359713
7.39911e-06, 0.0369201
7.4291e-06, 0.0393503
7.4591e-06, 0.0429522
7.48909e-06, 0.047371
7.51909e-06, 0.0522887
7.54908e-06, 0.0574495
7.57907e-06, 0.0626538
7.60907e-06, 0.0677457
7.63906e-06, 0.072601
7.66905e-06, 0.0771194
7.69905e-06, 0.0812189
7.72904e-06, 0.0848328
7.75904e-06, 0.0879079
7.78903e-06, 0.0904033
7.81902e-06, 0.0922896
7.84902e-06, 0.0935482
7.87901e-06, 0.094171
7.909e-06, 0.0941593
7.939e-06, 0.0935236
7.96899e-06, 0.0922828
7.99899e-06, 0.090464
8.02898e-06, 0.0881024
8.05897e-06, 0.0852412
8.08897e-06, 0.0819326
8.11896e-06, 0.0782393
8.14895e-06, 0.074236
8.17895e-06, 0.0700133
8.20894e-06, 0.0656804
8.23894e-06, 0.0613703
8.26893e-06, 0.0572437
8.29892e-06, 0.0534909
8.32892e-06, 0.050326
8.35891e-06, 0.0479694
8.3889e-06, 0.0466111
8.4189e-06, 0.046363
8.44889e-06, 0.047223
8.47889e-06, 0.049073
8.50888e-06, 0.0517142
8.53887e-06, 0.054917
8.56887e-06, 0.0584595
8.59886e-06, 0.0621491
8.62885e-06, 0.065829
8.65885e-06, 0.0693773
8.68884e-06, 0.0727034
8.71884e-06, 0.075743
8.74883e-06, 0.0784543
8.77882e-06, 0.0808139
8.80882e-06, 0.0828138
8.83881e-06, 0.0844584
8.8688e-06, 0.0857615
8.8988e-06, 0.0867446
8.92879e-06, 0.0874343
8.95879e-06, 0.0878606
8.98878e-06, 0.0880552
9.01877e-06, 0.0880503
9.04877e-06, 0.0878774
9.07876e-06, 0.0875662
9.10875e-06, 0.0871441
9.13875e-06, 0.086635
9.16874e-06, 0.086059
9.19874e-06, 0.0854317
9.22873e-06, 0.0847632
9.25872e-06, 0.0840585
9.28872e-06, 0.0833171
9.31871e-06, 0.0825332
9.3487e-06, 0.0816968
9.3787e-06, 0.0807946
9.40869e-06, 0.0798122
9.43868e-06, 0.0787355
9.46868e-06, 0.0775538
9.49867e-06, 0.0762616
9.52867e-06, 0.0748613
9.55866e-06, 0.0733656
9.58865e-06, 0.0717987
9.61865e-06, 0.0701982
9.64864e-06, 0.0686154
9.67863e-06, 0.0671148
9.70863e-06, 0.0657724
9.73862e-06, 0.0646717
9.76862e-06, 0.0638985
9.79861e-06, 0.0635329
9.8286e-06, 0.0636413
9.8586e-06, 0.0642681
9.88859e-06, 0.0654301
9.91858e-06, 0.0671143
9.94858e-06, 0.0692801
9.97857e-06, 0.071864
1.00086e-05, 0.0747864
1.00386e-05, 0.0779576
1.00686e-05, 0.0812835
1.00985e-05, 0.0846693
1.01285e-05, 0.0880219
1.01585e-05, 0.0912523
1.01885e-05, 0.0942759
1.02185e-05, 0.097014
1.02485e-05, 0.0993945
1.02785e-05, 0.101352
1.03085e-05, 0.10283
1.03385e-05, 0.103781
1.03685e-05, 0.104165
1.03985e-05, 0.103954
1.04285e-05, 0.10313
1.04585e-05, 0.101689
1.04885e-05, 0.0996338
1.05185e-05, 0.0969838
1.05485e-05, 0.0937688
1.05784e-05, 0.0900328
1.06084e-05, 0.085835
1.06384e-05, 0.0812519
1.06684e-05, 0.0763813
1.06984e-05, 0.0713476
1.07284e-05, 0.0663098
1.07584e-05, 0.0614709
1.07884e-05, 0.0570855
1.08184e-05, 0.0534601
1.08484e-05, 0.0509295
1.08784e-05, 0.0497965
1.09084e-05, 0.050243
1.09384e-05, 0.0522618
1.09684e-05, 0.0556615
1.09984e-05, 0.0601391
1.10284e-05, 0.0653634
1.10583e-05, 0.0710277
1.10883e-05, 0.0768688
1.11183e-05, 0.0826686
1.11483e-05, 0.0882481
1.11783e-05, 0.0934608
1.12083e-05, 0.0981878
1.12383e-05, 0.102334
1.12683e-05, 0.105826
1.12983e-05, 0.10861
1.13283e-05, 0.11065
1.13583e-05, 0.111929
1.13883e-05, 0.112446
1.14183e-05, 0.112213
1.14483e-05, 0.111259
1.14783e-05, 0.109621
1.15083e-05, 0.107352
1.15382e-05, 0.10451
1.15682e-05, 0.101164
1.15982e-05, 0.09739
1.16282e-05, 0.0932746
1.16582e-05, 0.088913
1.16882e-05, 0.0844121
1.17182e-05, 0.0798936
1.17482e-05, 0.0754957
1.17782e-05, 0.0713758
1.18082e-05, 0.0677082
1.18382e-05, 0.064677
1.18682e-05, 0.0624594
1.18982e-05, 0.0611996
1.19282e-05, 0.0609794
1.19582e-05, 0.061796
1.19882e-05, 0.0635604
1.20181e-05, 0.0661152
1.20481e-05, 0.0692648
1.20781e-05, 0.0728036
1.21081e-05, 0.0765363
1.21381e-05, 0.0802894
1.21681e-05, 0.0839155
1.21981e-05, 0.0872942
1.22281e-05, 0.0903308
1.22581e-05, 0.092955
1.22881e-05, 0.0951189
1.23181e-05, 0.0967952
1.23481e-05, 0.0979752
1.23781e-05, 0.0986677
1.24081e-05, 0.0988963
1.24381e-05, 0.0986986
1.24681e-05, 0.0981234
1.2498e-05, 0.0972294
1.2528e-05, 0.096083
1.2558e-05, 0.0947558
1.2588e-05, 0.0933226
1.2618e-05, 0.0918586
1.2648e-05, 0.0904364
1.2678e-05, 0.0891233
1.2708e-05, 0.0879774
1.2738e-05, 0.0870448
1.2768e-05, 0.0863569
1.2798e-05, 0.0859284
1.2828e-05, 0.0857562
1.2858e-05, 0.0858209
1.2888e-05, 0.0860882
1.2918e-05, 0.0865121
1.2948e-05, 0.0870393
1.29779e-05, 0.0876127
1.30079e-05, 0.0881757
1.30379e-05, 0.0886757
1.30679e-05, 0.0890672
1.30979e-05, 0.0893138
1.31279e-05, 0.0893902
1.31579e-05, 0.0892835
1.31879e-05, 0.0889937
1.32179e-05, 0.088534
1.32479e-05, 0.0879306
1.32779e-05, 0.0872223
1.33079e-05, 0.0864591
1.33379e-05, 0.0857006
1.33679e-05, 0.0850132
1.33979e-05, 0.0844668
1.34279e-05, 0.0841304
1.34578e-05, 0.0840667
1.34878e-05, 0.0843268
1.35178e-05, 0.0849452
1.35478e-05, 0.0859353
1.35778e-05, 0.087288
1.36078e-05, 0.0889709
1.36378e-05, 0.0909313
1.36678e-05, 0.0930995
1.36978e-05, 0.0953936
1.37278e-05, 0.0977249
1.37578e-05, 0.100002
1.37878e-05, 0.102136
1.38178e-05, 0.104043
1.38478e-05, 0.105648
1.38778e-05, 0.106885
1.39078e-05, 0.107704
1.39377e-05, 0.108064
1.39677e-05, 0.107943
1.39977e-05, 0.107331
1.40277e-05, 0.106235
1.40577e-05, 0.104676
1.40877e-05, 0.102691
1.41177e-05, 0.100334
1.41477e-05, 0.0976709
1.41777e-05, 0.0947846
1.42077e-05, 0.0917718
1.42377e-05, 0.0887433
1.42677e-05, 0.0858228
1.42977e-05, 0.0831435
1.43277e-05, 0.0808431
1.43577e-05, 0.0790556
1.43877e-05, 0.0778994
1.44176e-05, 0.0774642
1.44476e-05, 0.0777984
1.44776e-05, 0.0789016
1.45076e-05, 0.0807233
1.45376e-05, 0.0831705
1.45676e-05, 0.0861185
1.45976e-05, 0.0894241
1.46276e-05, 0.0929376
1.46576e-05, 0.096511
1.46876e-05, 0.100005
1.47176e-05, 0.103291
1.47476e-05, 0.106256
1.47776e-05, 0.108804
1.48076e-05, 0.110854
1.48376e-05, 0.112343
1.48676e-05, 0.113226
1.48975e-05, 0.113477
1.49275e-05, 0.113087
1.49575e-05, 0.112066
1.49875e-05, 0.110441
1.50175e-05, 0.108259
1.50475e-05, 0.105583
1.50775e-05, 0.102496
1.51075e-05, 0.0990959
1.51375e-05, 0.0955003
1.51675e-05, 0.0918431
1.51975e-05, 0.0882738
1.52275e-05, 0.0849544
1.52575e-05, 0.0820524
1.52875e-05, 0.0797303
1.53175e-05, 0.0781306
1.53475e-05, 0.077358
1.53774e-05, 0.0774634
1.54074e-05, 0.0784355
1.54374e-05, 0.0802028
1.54674e-05, 0.0826451
1.54974e-05, 0.0856113
1.55274e-05, 0.0889367
1.55574e-05, 0.0924572
1.55874e-05, 0.0960184
1.56174e-05, 0.0994813
1.56474e-05, 0.102725
1.56774e-05, 0.105646
1.57074e-05, 0.10816
1.57374e-05, 0.110201
1.57674e-05, 0.111721
1.57974e-05, 0.112686
1.58274e-05, 0.113081
1.58573e-05, 0.112906
1.58873e-05, 0.112173
1.59173e-05, 0.110913
1.59473e-05, 0.109168
1.59773e-05, 0.106998
1.60073e-05, 0.104473
1.60373e-05, 0.10168
1.60673e-05, 0.0987202
1.60973e-05, 0.0957065
1.61273e-05, 0.0927645
1.61573e-05, 0.0900277
1.61873e-05, 0.0876317
1.62173e-05, 0.0857056
1.62473e-05, 0.0843603
1.62773e-05, 0.0836759
1.63073e-05, 0.0836915
1.63372e-05, 0.0843982
1.63672e-05, 0.0857403
1.63972e-05, 0.0876227
1.64272e-05, 0.0899227
1.64572e-05, 0.0925029
1.64872e-05, 0.0952234
1.65172e-05, 0.0979506
1.65472e-05, 0.100564
1.65772e-05, 0.102959
1.66072e-05, 0.105051
1.66372e-05, 0.106773
1.66672e-05, 0.108079
1.66972e-05, 0.108941
1.67272e-05, 0.10935
1.67572e-05, 0.109311
1.67872e-05, 0.108847
1.68171e-05, 0.107995
1.68471e-05, 0.106804
1.68771e-05, 0.105332
1.69071e-05, 0.103651
1.69371e-05, 0.101839
1.69671e-05, 0.0999795
1.69971e-05, 0.0981602
1.70271e-05, 0.0964698
1.70571e-05, 0.0949934
1.70871e-05, 0.0938086
1.71171e-05, 0.0929798
1.71471e-05, 0.0925533
1.71771e-05, 0.0925529
1.72071e-05, 0.0929777
1.72371e-05, 0.0938009
1.72671e-05, 0.0949726
1.7297e-05, 0.0964236
1.7327e-05, 0.0980707
1.7357e-05, 0.0998231
1.7387e-05, 0.101588
1.7417e-05, 0.103276
1.7447e-05, 0.104804
1.7477e-05, 0.106102
1.7507e-05, 0.10711
1.7537e-05, 0.107788
1.7567e-05, 0.108108
1.7597e-05, 0.108061
1.7627e-05, 0.107655
1.7657e-05, 0.106916
1.7687e-05, 0.105886
1.7717e-05, 0.104623
1.7747e-05, 0.103197
1.77769e-05, 0.101694
1.78069e-05, 0.100205
1.78369e-05, 0.098825
1.78669e-05, 0.0976508
1.78969e-05, 0.0967703
1.79269e-05, 0.0962576
1.79569e-05, 0.0961671
1.79869e-05, 0.0965272
1.80169e-05, 0.0973385
1.80469e-05, 0.0985728
1.80769e-05, 0.100177
1.81069e-05, 0.102075
1.81369e-05, 0.104179
1.81669e-05, 0.10639
1.81969e-05, 0.108609
1.82269e-05, 0.110735
1.82568e-05, 0.112678
1.82868e-05, 0.114354
1.83168e-05, 0.115691
1.83468e-05, 0.11663
1.83768e-05, 0.117127
1.84068e-05, 0.117151
1.84368e-05, 0.116688
1.84668e-05, 0.115741
1.84968e-05, 0.114329
1.85268e-05, 0.112488
1.85568e-05, 0.110271
1.85868e-05, 0.10775
1.86168e-05, 0.105014
1.86468e-05, 0.102169
1.86768e-05, 0.0993378
1.87068e-05, 0.0966565
1.87367e-05, 0.0942691
1.87667e-05, 0.0923199
1.87967e-05, 0.0909422
1.88267e-05, 0.0902449
1.88567e-05, 0.0902989
1.88867e-05, 0.0911273
1.89167e-05, 0.0927013
1.89467e-05, 0.0949438
1.89767e-05, 0.0977393
1.90067e-05, 0.100947
1.90367e-05, 0.104412
1.90667e-05, 0.107978
1.90967e-05, 0.111497
1.91267e-05, 0.114829
1.91567e-05, 0.117851
1.91867e-05, 0.120456
1.92166e-05, 0.122557
1.92466e-05, 0.124084
1.92766e-05, 0.124986
1.93066e-05, 0.125232
1.93366e-05, 0.124808
1.93666e-05, 0.123722
1.93966e-05, 0.121996
1.94266e-05, 0.119675
1.94566e-05, 0.116819
1.94866e-05, 0.113506
1.95166e-05, 0.109834
1.95466e-05, 0.105916
1.95766e-05, 0.101887
1.96066e-05, 0.0978957
1.96366e-05, 0.0941071
1.96666e-05, 0.0906966
1.96965e-05, 0.0878403
1.97265e-05, 0.0857022
1.97565e-05, 0.0844158
1.97865e-05, 0.0840659
1.98165e-05, 0.0846742
1.98465e-05, 0.0861957
1.98765e-05, 0.0885256
1.99065e-05, 0.0915155
1.99365e-05, 0.0949926
1.99665e-05, 0.0987762
1.99965e-05, 0.102691
2.00265e-05, 0.106574
2.00565e-05, 0.11028
2.00865e-05, 0.113682
2.01165e-05, 0.116674
2.01465e-05, 0.119167
2.01764e-05, 0.121093
2.02064e-05, 0.122401
2.02364e-05, 0.123061
2.02664e-05, 0.123057
2.02964e-05, 0.122392
2.03264e-05, 0.121089
2.03564e-05, 0.119183
2.03864e-05, 0.116731
2.04164e-05, 0.113801
2.04464e-05, 0.110482
2.04764e-05, 0.106878
2.05064e-05, 0.103108
2.05364e-05, 0.0993078
2.05664e-05, 0.0956244
2.05964e-05, 0.0922147
2.06264e-05, 0.089237
2.06563e-05, 0.0868408
2.06863e-05, 0.0851528
2.07163e-05, 0.0842621
2.07463e-05, 0.0842075
2.07763e-05, 0.0849717
2.08063e-05, 0.086484
2.08363e-05, 0.0886314
2.08663e-05, 0.0912742
2.08963e-05, 0.0942608
2.09263e-05, 0.0974412
2.09563e-05, 0.100675
2.09863e-05, 0.103838
2.10163e-05, 0.106823
2.10463e-05, 0.109541
2.10763e-05, 0.111922
2.11063e-05, 0.113912
2.11362e-05, 0.115476
2.11662e-05, 0.11659
2.11962e-05, 0.117249
2.12262e-05, 0.117459
2.12562e-05, 0.117237
2.12862e-05, 0.116615
2.13162e-05, 0.115634
2.13462e-05, 0.114347
2.13762e-05, 0.112815
2.14062e-05, 0.111109
2.14362e-05, 0.109305
2.14662e-05, 0.107486
2.14962e-05, 0.105735
2.15262e-05, 0.104136
2.15562e-05, 0.102763
2.15862e-05, 0.101683
2.16161e-05, 0.100943
2.16461e-05, 0.10057
2.16761e-05, 0.100571
2.17061e-05, 0.100925
2.17361e-05, 0.101593
2.17661e-05, 0.102515
2.17961e-05, 0.103621
2.18261e-05, 0.104833
2.18561e-05, 0.106074
2.18861e-05, 0.107269
2.19161e-05, 0.108355
2.19461e-05, 0.109278
2.19761e-05, 0.11
2.20061e-05, 0.110496
2.20361e-05, 0.11076
2.20661e-05, 0.110797
2.2096e-05, 0.110631
2.2126e-05, 0.110296
2.2156e-05, 0.109838
2.2186e-05, 0.109311
2.2216e-05, 0.108774
2.2246e-05, 0.10829
2.2276e-05, 0.107918
2.2306e-05, 0.107712
2.2336e-05, 0.107715
2.2366e-05, 0.107959
2.2396e-05, 0.108458
2.2426e-05, 0.109211
2.2456e-05, 0.110197
2.2486e-05, 0.111381
2.2516e-05, 0.112712
2.2546e-05, 0.114129
2.25759e-05, 0.115563
2.26059e-05, 0.11694
2.26359e-05, 0.118185
2.26659e-05, 0.119227
2.26959e-05, 0.119997
2.27259e-05, 0.120436
2.27559e-05, 0.120494
2.27859e-05, 0.120132
2.28159e-05, 0.119327
2.28459e-05, 0.11807
2.28759e-05, 0.116368
2.29059e-05, 0.114248
2.29359e-05, 0.111758
2.29659e-05, 0.108965
2.29959e-05, 0.105961
2.30259e-05, 0.102859
2.30558e-05, 0.0997958
2.30858e-05, 0.0969248
2.31158e-05, 0.094414
2.31458e-05, 0.0924328
2.31758e-05, 0.0911373
2.32058e-05, 0.0906523
2.32358e-05, 0.0910532
2.32658e-05, 0.0923537
2.32958e-05, 0.0945037
2.33258e-05, 0.0973973
2.33558e-05, 0.100887
2.33858e-05, 0.104801
2.34158e-05, 0.108961
2.34458e-05, 0.113191
2.34758e-05, 0.117324
2.35058e-05, 0.121213
2.35357e-05, 0.124727
2.35657e-05, 0.127752
2.35957e-05, 0.130197
2.36257e-05, 0.131988
2.36557e-05, 0.13307
2.36857e-05, 0.133406
2.37157e-05, 0.132977
2.37457e-05, 0.131783
2.37757e-05, 0.129839
2.38057e-05, 0.127177
2.38357e-05, 0.123846
2.38657e-05, 0.119911
2.38957e-05, 0.115452
2.39257e-05, 0.11057
2.39557e-05, 0.105383
2.39857e-05, 0.10003
2.40156e-05, 0.0946768
2.40456e-05, 0.0895138
2.40756e-05, 0.0847595
2.41056e-05, 0.0806544
2.41356e-05, 0.0774464
2.41656e-05, 0.0753637
2.41956e-05, 0.0745765
2.42256e-05, 0.0751594
2.42556e-05, 0.0770723
2.42856e-05, 0.0801703
2.43156e-05, 0.0842359
2.43456e-05, 0.0890186
2.43756e-05, 0.0942662
2.44056e-05, 0.0997432
2.44356e-05, 0.10524
2.44656e-05, 0.110573
2.44955e-05, 0.115586
2.45255e-05, 0.120146
2.45555e-05, 0.124143
2.45855e-05, 0.127487
2.46155e-05, 0.130108
2.46455e-05, 0.131956
2.46755e-05, 0.132999
2.47055e-05, 0.133224
2.47355e-05, 0.132636
2.47655e-05, 0.131258
2.47955e-05, 0.129135
2.48255e-05, 0.126324
2.48555e-05, 0.122907
2.48855e-05, 0.118979
2.49155e-05, 0.114656
2.49455e-05, 0.110072
2.49754e-05, 0.105379
2.50054e-05, 0.100743
2.50354e-05, 0.0963456
2.50654e-05, 0.0923745
2.50954e-05, 0.0890133
2.51254e-05, 0.0864261
2.51554e-05, 0.084739
2.51854e-05, 0.0840212
2.52154e-05, 0.084274
2.52454e-05, 0.0854302
2.52754e-05, 0.0873666
2.53054e-05, 0.0899233
2.53354e-05, 0.0929251
2.53654e-05, 0.0961981
2.53954e-05, 0.0995815
2.54254e-05, 0.102934
2.54553e-05, 0.106136
2.54853e-05, 0.109091
2.55153e-05, 0.11172
2.55453e-05, 0.113967
2.55753e-05, 0.115792
2.56053e-05, 0.117169
2.56353e-05, 0.118091
2.56653e-05, 0.118563
2.56953e-05, 0.118601
2.57253e-05, 0.118237
2.57553e-05, 0.117511
2.57853e-05, 0.116477
2.58153e-05, 0.115196
2.58453e-05, 0.113738
2.58753e-05, 0.11218
2.59053e-05, 0.110602
2.59352e-05, 0.109083
2.59652e-05, 0.107701
2.59952e-05, 0.106523
2.60252e-05, 0.105603
2.60552e-05, 0.104979
2.60852e-05, 0.104668
2.61152e-05, 0.104663
2.61452e-05, 0.104938
2.61752e-05, 0.105447
2.62052e-05, 0.10613
2.62352e-05, 0.106918
2.62652e-05, 0.107738
2.62952e-05, 0.108519
2.63252e-05, 0.109195
2.63552e-05, 0.109712
2.63852e-05, 0.110024
2.64151e-05, 0.110105
2.64451e-05, 0.109939
2.64751e-05, 0.10953
2.65051e-05, 0.108894
2.65351e-05, 0.108063
2.65651e-05, 0.107082
2.65951e-05, 0.106007
2.66251e-05, 0.104903
2.66551e-05, 0.10384
2.66851e-05, 0.10289
2.67151e-05, 0.102121
2.67451e-05, 0.101595
2.67751e-05, 0.10136
2.68051e-05, 0.101449
2.68351e-05, 0.101874
2.68651e-05, 0.102627
2.6895e-05, 0.103681
2.6925e-05, 0.104986
2.6955e-05, 0.106483
2.6985e-05, 0.108096
2.7015e-05, 0.109746
2.7045e-05, 0.111349
2.7075e-05, 0.112822
2.7105e-05, 0.114089
2.7135e-05, 0.115076
2.7165e-05, 0.115723
2.7195e-05, 0.115977
2.7225e-05, 0.115801
2.7255e-05, 0.11517
2.7285e-05, 0.114076
2.7315e-05, 0.112525
2.7345e-05, 0.110543
2.73749e-05, 0.108176
2.74049e-05, 0.105485
2.74349e-05, 0.102558
2.74649e-05, 0.0994979
2.74949e-05, 0.0964309
2.75249e-05, 0.0934994
2.75549e-05, 0.0908579
2.75849e-05, 0.0886644
2.76149e-05, 0.0870669
2.76449e-05, 0.0861881
2.76749e-05, 0.0861083
2.77049e-05, 0.0868538
2.77349e-05, 0.088392
2.77649e-05, 0.090637
2.77949e-05, 0.0934616
2.78249e-05, 0.0967134
2.78548e-05, 0.100229
2.78848e-05, 0.103848
2.79148e-05, 0.107419
2.79448e-05, 0.110804
2.79748e-05, 0.113883
2.80048e-05, 0.116554
2.80348e-05, 0.118731
2.80648e-05, 0.120349
2.80948e-05, 0.121357
2.81248e-05, 0.121721
2.81548e-05, 0.121425
2.81848e-05, 0.120465
2.82148e-05, 0.118857
2.82448e-05, 0.116626
2.82748e-05, 0.113818
2.83048e-05, 0.110491
2.83347e-05, 0.10672
2.83647e-05, 0.102598
2.83947e-05, 0.0982364
2.84247e-05, 0.093768
2.84547e-05, 0.0893483
2.84847e-05, 0.0851555
2.85147e-05, 0.081388
2.85447e-05, 0.078255
2.85747e-05, 0.0759597
2.86047e-05, 0.0746731
2.86347e-05, 0.0745047
2.86647e-05, 0.0754792
2.86947e-05, 0.0775302
2.87247e-05, 0.0805147
2.87547e-05, 0.084239
2.87847e-05, 0.0884877
2.88146e-05, 0.0930459
2.88446e-05, 0.0977125
2.88746e-05, 0.102307
2.89046e-05, 0.106673
2.89346e-05, 0.110675
2.89646e-05, 0.114202
2.89946e-05, 0.11716
2.90246e-05, 0.119478
2.90546e-05, 0.121103
2.90846e-05, 0.122002
2.91146e-05, 0.122158
2.91446e-05, 0.121574
2.91746e-05, 0.12027
2.92046e-05, 0.118282
2.92346e-05, 0.115668
2.92646e-05, 0.112499
2.92945e-05, 0.108866
2.93245e-05, 0.104877
2.93545e-05, 0.100658
2.93845e-05, 0.0963496
2.94145e-05, 0.0921102
2.94445e-05, 0.0881092
2.94745e-05, 0.084522
2.95045e-05, 0.0815192
2.95345e-05, 0.0792516
2.95645e-05, 0.0778323
2.95945e-05, 0.0773195
2.96245e-05, 0.0777072
2.96545e-05, 0.0789262
2.96845e-05, 0.0808563
2.97145e-05, 0.0833461
2.97445e-05, 0.086231
2.97744e-05, 0.0893495
2.98044e-05, 0.0925526
2.98344e-05, 0.0957094
2.98644e-05, 0.0987083
2.98944e-05, 0.101457
2.99244e-05, 0.103883
2.99544e-05, 0.105928
2.99844e-05, 0.107552
3.00144e-05, 0.108729
3.00444e-05, 0.109446
3.00744e-05, 0.109705
3.01044e-05, 0.109518
3.01344e-05, 0.108912
3.01644e-05, 0.107926
3.01944e-05, 0.106611
3.02244e-05, 0.105027
3.02543e-05, 0.103249
3.02843e-05, 0.101359
3.03143e-05, 0.0994447
3.03443e-05, 0.0975991
3.03743e-05, 0.0959137
3.04043e-05, 0.0944732
3.04343e-05, 0.0933497
3.04643e-05, 0.0925962
3.04943e-05, 0.0922417
3.05243e-05, 0.092288
3.05543e-05, 0.0927095
3.05843e-05, 0.0934563
3.06143e-05, 0.094459
3.06443e-05, 0.0956356
3.06743e-05, 0.096898
3.07043e-05, 0.0981587
3.07342e-05, 0.099336
3.07642e-05, 0.100358
3.07942e-05, 0.101165
3.08242e-05, 0.101712
3.08542e-05, 0.10197
3.08842e-05, 0.101926
3.09142e-05, 0.101579
3.09442e-05, 0.100947
3.09742e-05, 0.100061
3.10042e-05, 0.0989619
3.10342e-05, 0.0977052
3.10642e-05, 0.0963532
3.10942e-05, 0.0949753
3.11242e-05, 0.0936437
3.11542e-05, 0.0924304
3.11842e-05, 0.0914024
3.12141e-05, 0.0906177
3.12441e-05, 0.0901208
3.12741e-05, 0.0899388
3.13041e-05, 0.0900797
3.13341e-05, 0.0905309
3.13641e-05, 0.0912608
3.13941e-05, 0.0922213
3.14241e-05, 0.0933514
3.14541e-05, 0.0945815
3.14841e-05, 0.0958378
3.15141e-05, 0.0970464
3.15441e-05, 0.0981364
3.15741e-05, 0.0990428
3.16041e-05, 0.099709
3.16341e-05, 0.100088
3.16641e-05, 0.100145
3.1694e-05, 0.0998571
3.1724e-05, 0.0992145
3.1754e-05, 0.0982227
3.1784e-05, 0.0969018
3.1814e-05, 0.095288
3.1844e-05, 0.0934334
3.1874e-05, 0.0914068
3.1904e-05, 0.0892926
3.1934e-05, 0.0871902
3.1964e-05, 0.0852103
3.1994e-05, 0.0834708
3.2024e-05, 0.0820887
3.2054e-05, 0.0811714
3.2084e-05, 0.0808048
3.2114e-05, 0.0810432
3.2144e-05, 0.0819022
3.21739e-05, 0.0833552
3.22039e-05, 0.0853378
3.22339e-05, 0.0877548
3.22639e-05, 0.0904907
3.22939e-05, 0.0934194
3.23239e-05, 0.0964131
3.23539e-05, 0.0993485
3.23839e-05, 0.102111
3.24139e-05, 0.1046
3.24439e-05, 0.106724
3.24739e-05, 0.108411
3.25039e-05, 0.109601
3.25339e-05, 0.11025
3.25639e-05, 0.110331
3.25939e-05, 0.109831
3.26239e-05, 0.108756
3.26538e-05, 0.107125
3.26838e-05, 0.104977
3.27138e-05, 0.102365
3.27438e-05, 0.0993644
3.27738e-05, 0.0960645
3.28038e-05, 0.0925755
3.28338e-05, 0.0890257
3.28638e-05, 0.0855609
3.28938e-05, 0.0823403
3.29238e-05, 0.0795302
3.29538e-05, 0.0772922
3.29838e-05, 0.0757672
3.30138e-05, 0.0750568
3.30438e-05, 0.0752074
3.30738e-05, 0.076202
3.31038e-05, 0.0779632
3.31337e-05, 0.0803663
3.31637e-05, 0.0832578
3.31937e-05, 0.0864729
3.32237e-05, 0.0898494
3.32537e-05, 0.0932357
3.32837e-05, 0.0964967
3.33137e-05, 0.0995143
3.33437e-05, 0.102188
3.33737e-05, 0.104436
3.34037e-05, 0.106192
3.34337e-05, 0.107405
3.34637e-05, 0.10804
3.34937e-05, 0.108076
3.35237e-05, 0.107509
3.35537e-05, 0.106347
3.35837e-05, 0.104616
3.36136e-05, 0.102355
3.36436e-05, 0.0996217
3.36736e-05, 0.0964898
3.37036e-05, 0.0930524
3.37336e-05, 0.0894224
3.37636e-05, 0.0857326
3.37936e-05, 0.0821356
3.38236e-05, 0.0788007
3.38536e-05, 0.0759062
3.38836e-05, 0.0736267
3.39136e-05, 0.0721139
3.39436e-05, 0.0714745
3.39736e-05, 0.0717506
3.40036e-05, 0.0729112
3.40336e-05, 0.0748581
3.40636e-05, 0.077443
3.40935e-05, 0.0804906
3.41235e-05, 0.0838186
3.41535e-05, 0.0872524
3.41835e-05, 0.0906333
3.42135e-05, 0.0938231
3.42435e-05, 0.0967046
3.42735e-05, 0.0991815
3.43035e-05, 0.101177
3.43335e-05, 0.102634
3.43635e-05, 0.10351
3.43935e-05, 0.103783
3.44235e-05, 0.103444
3.44535e-05, 0.1025
3.44835e-05, 0.100974
3.45135e-05, 0.0989016
3.45435e-05, 0.096336
3.45734e-05, 0.0933437
3.46034e-05, 0.0900079
3.46334e-05, 0.0864274
3.46634e-05, 0.0827183
3.46934e-05, 0.0790129
3.47234e-05, 0.0754586
3.47534e-05, 0.0722139
3.47834e-05, 0.0694401
3.48134e-05, 0.0672875
3.48434e-05, 0.0658784
3.48734e-05, 0.065287
3.49034e-05, 0.0655258
3.49334e-05, 0.0665424
3.49634e-05, 0.0682291
3.49934e-05, 0.0704413
3.50234e-05, 0.0730179
3.50533e-05, 0.0757979
3.50833e-05, 0.0786322
3.51133e-05, 0.0813891
3.51433e-05, 0.0839568
3.51733e-05, 0.0862437
3.52033e-05, 0.088177
3.52333e-05, 0.0897017
3.52633e-05, 0.090779
3.52933e-05, 0.0913849
3.53233e-05, 0.0915096
3.53533e-05, 0.0911561
3.53833e-05, 0.0903399
3.54133e-05, 0.0890886
3.54433e-05, 0.0874415
3.54733e-05, 0.08545
3.55033e-05, 0.0831779
3.55332e-05, 0.080701
3.55632e-05, 0.0781083
3.55932e-05, 0.0755007
3.56232e-05, 0.0729903
3.56532e-05, 0.0706971
3.56832e-05, 0.0687428
3.57132e-05, 0.0672426
3.57432e-05, 0.0662936
3.57732e-05, 0.0659621
3.58032e-05, 0.0662737
3.58332e-05, 0.0672092
3.58632e-05, 0.0687065
3.58932e-05, 0.07067
3.59232e-05, 0.0729828
3.59532e-05, 0.0755184
3.59832e-05, 0.0781509
3.60131e-05, 0.0807622
3.60431e-05, 0.0832461
3.60731e-05, 0.0855109
3.61031e-05, 0.0874808
3.61331e-05, 0.0890962
3.61631e-05, 0.0903136
3.61931e-05, 0.0911058
3.62231e-05, 0.0914616
3.62531e-05, 0.0913851
3.62831e-05, 0.0908955
3.63131e-05, 0.0900266
3.63431e-05, 0.0888254
3.63731e-05, 0.0873519
3.64031e-05, 0.0856768
3.64331e-05, 0.0838796
3.64631e-05, 0.0820462
3.6493e-05, 0.080265
3.6523e-05, 0.0786225
3.6553e-05, 0.077198
3.6583e-05, 0.0760581
3.6613e-05, 0.0752512
3.6643e-05, 0.0748034
3.6673e-05, 0.0747164
3.6703e-05, 0.074968
3.6733e-05, 0.0755151
3.6763e-05, 0.0762988
3.6793e-05, 0.0772501
3.6823e-05, 0.0782954
3.6853e-05, 0.0793622
3.6883e-05, 0.0803821
3.6913e-05, 0.0812946
3.6943e-05, 0.082048
3.69729e-05, 0.0826012
3.70029e-05, 0.0829238
3.70329e-05, 0.0829966
3.70629e-05, 0.0828118
3.70929e-05, 0.0823729
3.71229e-05, 0.0816948
3.71529e-05, 0.0808038
3.71829e-05, 0.0797375
3.72129e-05, 0.0785443
3.72429e-05, 0.077283
3.72729e-05, 0.0760209
3.73029e-05, 0.0748321
3.73329e-05, 0.0737936
3.73629e-05, 0.072981
3.73929e-05, 0.0724622
3.74229e-05, 0.0722915
3.74528e-05, 0.0725038
3.74828e-05, 0.0731097
3.75128e-05, 0.0740943
3.75428e-05, 0.0754181
3.75728e-05, 0.0770205
3.76028e-05, 0.0788256
3.76328e-05, 0.0807477
3.76628e-05, 0.0826972
3.76928e-05, 0.0845855
3.77228e-05, 0.0863287
3.77528e-05, 0.0878506
3.77828e-05, 0.0890843
3.78128e-05, 0.0899743
3.78428e-05, 0.090477
3.78728e-05, 0.0905615
3.79028e-05, 0.0902103
3.79327e-05, 0.0894196
3.79627e-05, 0.0882
3.79927e-05, 0.0865765
3.80227e-05, 0.0845894
3.80527e-05, 0.0822945
3.80827e-05, 0.0797637
3.81127e-05, 0.077085
3.81427e-05, 0.0743623
3.81727e-05, 0.0717135
3.82027e-05, 0.0692673
3.82327e-05, 0.0671562
3.82627e-05, 0.065507
3.82927e-05, 0.064427
3.83227e-05, 0.0639895
3.83527e-05, 0.0642225
3.83827e-05, 0.0651026
3.84126e-05, 0.0665595
3.84426e-05, 0.0684863
3.84726e-05, 0.0707543
3.85026e-05, 0.073226
3.85326e-05, 0.0757665
3.85626e-05, 0.0782501
3.85926e-05, 0.0805643
3.86226e-05, 0.0826116
3.86526e-05, 0.0843099
3.86826e-05, 0.0855927
3.87126e-05, 0.0864081
3.87426e-05, 0.0867187
3.87726e-05, 0.086501
3.88026e-05, 0.0857453
3.88326e-05, 0.0844554
3.88626e-05, 0.0826484
3.88925e-05, 0.0803555
3.89225e-05, 0.0776224
3.89525e-05, 0.0745098
3.89825e-05, 0.0710954
3.90125e-05, 0.0674753
3.90425e-05, 0.0637662
3.90725e-05, 0.0601071
3.91025e-05, 0.0566602
3.91325e-05, 0.0536068
3.91625e-05, 0.0511372
3.91925e-05, 0.0494288
3.92225e-05, 0.0486147
3.92525e-05, 0.0487523
3.92825e-05, 0.0498064
3.93125e-05, 0.0516578
3.93425e-05, 0.0541327
3.93724e-05, 0.0570362
3.94024e-05, 0.0601785
3.94324e-05, 0.0633892
3.94624e-05, 0.0665229
3.94924e-05, 0.0694593
3.95224e-05, 0.072101
3.95524e-05, 0.0743711
3.95824e-05, 0.0762108
3.96124e-05, 0.0775771
3.96424e-05, 0.0784412
3.96724e-05, 0.0787873
3.97024e-05, 0.0786114
3.97324e-05, 0.0779204
3.97624e-05, 0.0767315
3.97924e-05, 0.0750715
3.98224e-05, 0.072977
3.98523e-05, 0.0704935
3.98823e-05, 0.0676768
3.99123e-05, 0.0645927
3.99423e-05, 0.0613188
3.99723e-05, 0.0579463
4.00023e-05, 0.0545816
4.00323e-05, 0.0513488
4.00623e-05, 0.0483899
4.00923e-05, 0.0458611
4.01223e-05, 0.0439225
4.01523e-05, 0.0427178
4.01823e-05, 0.042346
4.02123e-05, 0.0428375
4.02423e-05, 0.0441441
4.02723e-05, 0.0461522
4.03023e-05, 0.0487089
4.03322e-05, 0.0516494
4.03622e-05, 0.054815
4.03922e-05, 0.0580631
4.04222e-05, 0.0612699
4.04522e-05, 0.0643299
4.04822e-05, 0.0671542
4.05122e-05, 0.0696689
4.05422e-05, 0.0718138
4.05722e-05, 0.0735413
4.06022e-05, 0.074816
4.06322e-05, 0.0756146
4.06622e-05, 0.0759256
4.06922e-05, 0.0757496
4.07222e-05, 0.0750996
4.07522e-05, 0.0740006
4.07822e-05, 0.0724902
4.08121e-05, 0.0706182
4.08421e-05, 0.0684464
4.08721e-05, 0.0660486
4.09021e-05, 0.0635094
4.09321e-05, 0.0609231
4.09621e-05, 0.0583912
4.09921e-05, 0.0560191
4.10221e-05, 0.0539103
4.10521e-05, 0.052159
4.10821e-05, 0.0508409
4.11121e-05, 0.0500047
4.11421e-05, 0.0496651
4.11721e-05, 0.0498021
4.12021e-05, 0.0503648
4.12321e-05, 0.0512805
4.12621e-05, 0.0524652
4.1292e-05, 0.0538331
4.1322e-05, 0.0553037
4.1352e-05, 0.0568061
4.1382e-05, 0.0582806
4.1412e-05, 0.0596788
4.1442e-05, 0.0609628
4.1472e-05, 0.0621043
4.1502e-05, 0.063083
4.1532e-05, 0.0638857
4.1562e-05, 0.0645059
4.1592e-05, 0.0649431
4.1622e-05, 0.0652031
4.1652e-05, 0.0652981
4.1682e-05, 0.0652469
4.1712e-05, 0.0650759
4.1742e-05, 0.0648185
4.17719e-05, 0.0645152
4.18019e-05, 0.0642127
4.18319e-05, 0.0639618
4.18619e-05, 0.0638147
4.18919e-05, 0.063821
4.19219e-05, 0.0640231
4.19519e-05, 0.064452
4.19819e-05, 0.0651225
4.20119e-05, 0.0660316
4.20419e-05, 0.0671568
4.20719e-05, 0.0684582
4.21019e-05, 0.0698813
4.21319e-05, 0.0713611
4.21619e-05, 0.0728268
4.21919e-05, 0.0742066
4.22219e-05, 0.0754312
4.22518e-05, 0.076438
4.22818e-05, 0.0771732
4.23118e-05, 0.0775945
4.23418e-05, 0.0776724
4.23718e-05, 0.0773917
4.24018e-05, 0.0767521
4.24318e-05, 0.0757691
4.24618e-05, 0.0744735
4.24918e-05, 0.0729118
4.25218e-05, 0.0711451
4.25518e-05, 0.0692479
4.25818e-05, 0.0673054
4.26118e-05, 0.0654106
4.26418e-05, 0.0636584
4.26718e-05, 0.0621394
4.27018e-05, 0.0609312
4.27317e-05, 0.0600904
4.27617e-05, 0.0596452
4.27917e-05, 0.0595918
4.28217e-05, 0.0598943
4.28517e-05, 0.0604904
4.28817e-05, 0.0612986
4.29117e-05, 0.0622272
4.29417e-05, 0.0631827
4.29717e-05, 0.0640763
4.30017e-05, 0.064828
4.30317e-05, 0.0653697
4.30617e-05, 0.065646
4.30917e-05, 0.0656148
4.31217e-05, 0.0652468
4.31517e-05, 0.064525
4.31817e-05, 0.0634433
4.32116e-05, 0.0620063
4.32416e-05, 0.0602276
4.32716e-05, 0.0581292
4.33016e-05, 0.0557408
4.33316e-05, 0.0530988
4.33616e-05, 0.0502461
4.33916e-05, 0.0472321
4.34216e-05, 0.0441124
4.34516e-05, 0.0409499
4.34816e-05, 0.0378156
4.35116e-05, 0.0347904
4.35416e-05, 0.0319662
4.35716e-05, 0.029446
4.36016e-05, 0.0273406
4.36316e-05, 0.0257572
4.36616e-05, 0.0247807
4.36915e-05, 0.0244492
4.37215e-05, 0.0247387
4.37515e-05, 0.0255678
4.37815e-05, 0.0268201
4.38115e-05, 0.0283716
4.38415e-05, 0.0301091
4.38715e-05, 0.0319383
4.39015e-05, 0.0337851
4.39315e-05, 0.0355928
4.39615e-05, 0.0373192
4.39915e-05, 0.0389333
4.40215e-05, 0.0404129
4.40515e-05, 0.0417425
4.40815e-05, 0.0429119
4.41115e-05, 0.0439153
4.41415e-05, 0.0447502
4.41714e-05, 0.045417
4.42014e-05, 0.0459184
4.42314e-05, 0.0462588
4.42614e-05, 0.0464446
4.42914e-05, 0.046483
4.43214e-05, 0.0463828
4.43514e-05, 0.0461537
4.43814e-05, 0.045806
4.44114e-05, 0.0453507
4.44414e-05, 0.0447996
4.44714e-05, 0.0441646
4.45014e-05, 0.0434581
4.45314e-05, 0.0426927
4.45614e-05, 0.0418809
4.45914e-05, 0.0410354
4.46214e-05, 0.0401687
4.46513e-05, 0.0392931
4.46813e-05, 0.0384202
4.47113e-05, 0.0375614
4.47413e-05, 0.0367273
4.47713e-05, 0.0359274
4.48013e-05, 0.0351704
4.48313e-05, 0.0344637
4.48613e-05, 0.0338135
4.48913e-05, 0.0332243
4.49213e-05, 0.0326994
4.49513e-05, 0.0322402
4.49813e-05, 0.0318468
4.50113e-05, 0.0315176
4.50413e-05, 0.0312501
4.50713e-05, 0.0310401
4.51013e-05, 0.0308828
4.51312e-05, 0.0307726
4.51612e-05, 0.0307034
4.51912e-05, 0.0306687
4.52212e-05, 0.0306621
4.52512e-05, 0.0306771
4.52812e-05, 0.0307076
4.53112e-05, 0.0307476
4.53412e-05, 0.0307917
4.53712e-05, 0.0308347
4.54012e-05, 0.0308719
4.54312e-05, 0.0308992
4.54612e-05, 0.0309129
4.54912e-05, 0.0309095
4.55212e-05, 0.030886
4.55512e-05, 0.0308399
4.55812e-05, 0.0307689
4.56111e-05, 0.030671
4.56411e-05, 0.0305443
4.56711e-05, 0.0303873
4.57011e-05, 0.0301989
4.57311e-05, 0.0299778
4.57611e-05, 0.029723
4.57911e-05, 0.029434
4.58211e-05, 0.02911
4.58511e-05, 0.0287506
4.58811e-05, 0.0283556
4.59111e-05, 0.0279248
4.59411e-05, 0.0274583
4.59711e-05, 0.0269564
4.60011e-05, 0.0264196
4.60311e-05, 0.0258483
4.60611e-05, 0.0252437
4.6091e-05, 0.0246068
4.6121e-05, 0.0239388
4.6151e-05, 0.0232416
4.6181e-05, 0.022517
4.6211e-05, 0.0217674
4.6241e-05, 0.0209954
4.6271e-05, 0.0202039
4.6301e-05, 0.0193965
4.6331e-05, 0.0185771
4.6361e-05, 0.01775
4.6391e-05, 0.0169204
4.6421e-05, 0.0160939
4.6451e-05, 0.0152769
4.6481e-05, 0.0144767
4.6511e-05, 0.0137014
4.6541e-05, 0.0129604
4.65709e-05, 0.0122637
4.66009e-05, 0.0116226
4.66309e-05, 0.0110488
4.66609e-05, 0.0105544
4.66909e-05, 0.0101509
4.67209e-05, 0.0098477
4.67509e-05, 0.00965154
4.67809e-05, 0.00956482
4.68109e-05, 0.00958513
4.68409e-05, 0.00970546
4.68709e-05, 0.00991493
4.69009e-05, 0.0102002
4.69309e-05, 0.0105469
4.69609e-05, 0.0109405
4.69909e-05, 0.0113676
4.70209e-05, 0.0118158
4.70508e-05, 0.0122744
4.70808e-05, 0.012734
4.71108e-05, 0.0131866
4.71408e-05, 0.0136254
4.71708e-05, 0.0140448
4.72008e-05, 0.01444
4.72308e-05, 0.0148071
4.72608e-05, 0.0151428
4.72908e-05, 0.0154446
4.73208e-05, 0.0157105
4.73508e-05, 0.0159388
4.73808e-05, 0.0161286
4.74108e-05, 0.0162789
4.74408e-05, 0.0163895
4.74708e-05, 0.0164603
4.75008e-05, 0.0164914
4.75307e-05, 0.0164833
4.75607e-05, 0.0164367
4.75907e-05, 0.0163523
4.76207e-05, 0.0162312
4.76507e-05, 0.0160746
4.76807e-05, 0.0158839
4.77107e-05, 0.0156605
4.77407e-05, 0.0154061
4.77707e-05, 0.0151224
4.78007e-05, 0.0148114
4.78307e-05, 0.0144752
4.78607e-05, 0.0141158
4.78907e-05, 0.0137356
4.79207e-05, 0.013337
4.79507e-05, 0.0129226
4.79807e-05, 0.012495
4.80106e-05, 0.0120571
4.80406e-05, 0.0116118
4.80706e-05, 0.0111621
4.81006e-05, 0.0107113
4.81306e-05, 0.0102627
4.81606e-05, 0.00981971
4.81906e-05, 0.00938605
4.82206e-05, 0.00896541
4.82506e-05, 0.00856179
4.82806e-05, 0.00817927
4.83106e-05, 0.00782201
4.83406e-05, 0.00749422
4.83706e-05, 0.00720005
4.84006e-05, 0.00694342
4.84306e-05, 0.00672781
4.84606e-05, 0.00655597
4.84905e-05, 0.00642979
4.85205e-05, 0.00635007
4.85505e-05, 0.00631625
4.85805e-05, 0.00632665
4.86105e-05, 0.00637847
4.86405e-05, 0.00646804
4.86705e-05, 0.0065912
4.87005e-05, 0.00674341
4.87305e-05, 0.00692032
4.87605e-05, 0.00711769
4.87905e-05, 0.00733164
4.88205e-05, 0.00755876
4.88505e-05, 0.00779612
4.88805e-05, 0.00804122
4.89105e-05, 0.00829203
4.89405e-05, 0.00854692
4.89704e-05, 0.00880465
4.90004e-05, 0.00906428
4.90304e-05, 0.00932511
4.90604e-05, 0.00958672
4.90904e-05, 0.00984886
4.91204e-05, 0.0101115
4.91504e-05, 0.0103745
4.91804e-05, 0.010638
4.92104e-05, 0.0109023
4.92404e-05, 0.0111674
4.92704e-05, 0.0114336
4.93004e-05, 0.0117009
4.93304e-05, 0.0119695
4.93604e-05, 0.0122396
4.93904e-05, 0.0125111
4.94204e-05, 0.0127839
4.94503e-05, 0.0130579
4.94803e-05, 0.0133329
4.95103e-05, 0.0136088
4.95403e-05, 0.013885
4.95703e-05, 0.0141613
4.96003e-05, 0.0144371
4.96303e-05, 0.0147119
4.96603e-05, 0.0149851
4.96903e-05, 0.0152561
4.97203e-05, 0.0155241
4.97503e-05, 0.0157884
4.97803e-05, 0.0160484
4.98103e-05, 0.0163033
4.98403e-05, 0.0165522
4.98703e-05, 0.0167943
4.99003e-05, 0.0170289
4.99302e-05, 0.0172551
4.99602e-05, 0.0174722
4.99902e-05, 0.0176793
5.00202e-05, 0.0178756
5.00502e-05, 0.0180604
5.00802e-05, 0.018233
5.01102e-05, 0.0183926
5.01402e-05, 0.0185387
5.01702e-05, 0.0186704
5.02002e-05, 0.0187874
5.02302e-05, 0.018889
5.02602e-05, 0.0189749
5.02902e-05, 0.0190446
5.03202e-05, 0.0190978
5.03502e-05, 0.0191342
5.03802e-05, 0.0191538
5.04101e-05, 0.0191563
5.04401e-05, 0.0191417
5.04701e-05, 0.0191101
5.05001e-05, 0.0190613
5.05301e-05, 0.0189956
5.05601e-05, 0.0189132
5.05901e-05, 0.0188141
5.06201e-05, 0.0186988
5.06501e-05, 0.0185673
5.06801e-05, 0.0184201
5.07101e-05, 0.0182574
5.07401e-05, 0.0180798
5.07701e-05, 0.0178875
5.08001e-05, 0.0176812
5.08301e-05, 0.0174612
5.08601e-05, 0.0172283
5.089e-05, 0.0169829
5.092e-05, 0.0167256
5.095e-05, 0.0164573
5.098e-05, 0.0161785
5.101e-05, 0.0158901
5.104e-05, 0.0155926
5.107e-05, 0.0152869
5.11e-05, 0.0149738


