

x(m), Y
-9.00747e-06, 0.0142625
-8.97748e-06, 0.0149404
-8.94748e-06, 0.0158183
-8.91749e-06, 0.0168936
-8.88749e-06, 0.018156
-8.8575e-06, 0.0195877
-8.82751e-06, 0.0211645
-8.79751e-06, 0.0228558
-8.76752e-06, 0.0246257
-8.73753e-06, 0.0264336
-8.70753e-06, 0.0282353
-8.67754e-06, 0.0299844
-8.64754e-06, 0.0316344
-8.61755e-06, 0.0331407
-8.58756e-06, 0.034464
-8.55756e-06, 0.0355725
-8.52757e-06, 0.0364458
-8.49758e-06, 0.0370783
-8.46758e-06, 0.0374822
-8.43759e-06, 0.0376901
-8.40759e-06, 0.0377572
-8.3776e-06, 0.0377603
-8.34761e-06, 0.0377945
-8.31761e-06, 0.0379654
-8.28762e-06, 0.0383761
-8.25763e-06, 0.039111
-8.22763e-06, 0.0402203
-8.19764e-06, 0.0417099
-8.16764e-06, 0.0435401
-8.13765e-06, 0.0456337
-8.10766e-06, 0.0478884
-8.07766e-06, 0.0501911
-8.04767e-06, 0.0524289
-8.01768e-06, 0.0544995
-7.98768e-06, 0.0563159
-7.95769e-06, 0.0578114
-7.92769e-06, 0.0589418
-7.8977e-06, 0.0596865
-7.86771e-06, 0.0600486
-7.83771e-06, 0.0600544
-7.80772e-06, 0.0597517
-7.77773e-06, 0.0592061
-7.74773e-06, 0.0584981
-7.71774e-06, 0.0577163
-7.68774e-06, 0.0569513
-7.65775e-06, 0.0562876
-7.62776e-06, 0.0557957
-7.59776e-06, 0.0555257
-7.56777e-06, 0.0555024
-7.53778e-06, 0.0557253
-7.50778e-06, 0.0561706
-7.47779e-06, 0.0567975
-7.44779e-06, 0.0575541
-7.4178e-06, 0.0583844
-7.38781e-06, 0.0592333
-7.35781e-06, 0.0600492
-7.32782e-06, 0.0607862
-7.29783e-06, 0.0614031
-7.26783e-06, 0.0618636
-7.23784e-06, 0.0621346
-7.20784e-06, 0.0621858
-7.17785e-06, 0.0619893
-7.14786e-06, 0.0615201
-7.11786e-06, 0.0607576
-7.08787e-06, 0.0596874
-7.05788e-06, 0.0583036
-7.02788e-06, 0.0566122
-6.99789e-06, 0.0546331
-6.96789e-06, 0.0524038
-6.9379e-06, 0.0499806
-6.90791e-06, 0.0474406
-6.87791e-06, 0.0448817
-6.84792e-06, 0.0424191
-6.81793e-06, 0.0401793
-6.78793e-06, 0.0382861
-6.75794e-06, 0.0368424
-6.72794e-06, 0.035907
-6.69795e-06, 0.0354777
-6.66796e-06, 0.0354866
-6.63796e-06, 0.0358128
-6.60797e-06, 0.0363065
-6.57798e-06, 0.0368126
-6.54798e-06, 0.0371894
-6.51799e-06, 0.0373196
-6.48799e-06, 0.0371144
-6.458e-06, 0.036514
-6.42801e-06, 0.0354863
-6.39801e-06, 0.0340244
-6.36802e-06, 0.0321436
-6.33803e-06, 0.0298789
-6.30803e-06, 0.0272822
-6.27804e-06, 0.02442
-6.24804e-06, 0.0213726
-6.21805e-06, 0.0182356
-6.18806e-06, 0.0151261
-6.15806e-06, 0.0121996
-6.12807e-06, 0.00968792
-6.09808e-06, 0.00794824
-6.06808e-06, 0.00737748
-6.03809e-06, 0.00799866
-6.00809e-06, 0.0093463
-5.9781e-06, 0.0109397
-5.94811e-06, 0.0124933
-5.91811e-06, 0.0138588
-5.88812e-06, 0.0149588
-5.85813e-06, 0.0157531
-5.82813e-06, 0.0162235
-5.79814e-06, 0.0163672
-5.76814e-06, 0.0161944
-5.73815e-06, 0.0157276
-5.70816e-06, 0.0150035
-5.67816e-06, 0.0140765
-5.64817e-06, 0.0130238
-5.61818e-06, 0.0119526
-5.58818e-06, 0.0110056
-5.55819e-06, 0.010353
-5.52819e-06, 0.0101531
-5.4982e-06, 0.0104797
-5.46821e-06, 0.0112787
-5.43821e-06, 0.012402
-5.40822e-06, 0.013677
-5.37823e-06, 0.0149509
-5.34823e-06, 0.0161033
-5.31824e-06, 0.0170451
-5.28824e-06, 0.0177161
-5.25825e-06, 0.0180835
-5.22826e-06, 0.0181425
-5.19826e-06, 0.0179191
-5.16827e-06, 0.0174739
-5.13828e-06, 0.0169056
-5.10828e-06, 0.0163519
-5.07829e-06, 0.01598
-5.04829e-06, 0.0159572
-5.0183e-06, 0.016402
-4.98831e-06, 0.0173396
-4.95831e-06, 0.0186954
-4.92832e-06, 0.0203292
-4.89833e-06, 0.0220779
-4.86833e-06, 0.0237851
-4.83834e-06, 0.025315
-4.80834e-06, 0.0265563
-4.77835e-06, 0.0274231
-4.74836e-06, 0.0278554
-4.71836e-06, 0.0278178
-4.68837e-06, 0.0273009
-4.65838e-06, 0.0263207
-4.62838e-06, 0.0249197
-4.59839e-06, 0.0231691
-4.56839e-06, 0.0211707
-4.5384e-06, 0.0190633
-4.50841e-06, 0.0170288
-4.47841e-06, 0.0152949
-4.44842e-06, 0.0141112
-4.41843e-06, 0.0136721
-4.38843e-06, 0.0140065
-4.35844e-06, 0.0149503
-4.32845e-06, 0.0162431
-4.29845e-06, 0.0176384
-4.26846e-06, 0.0189502
-4.23846e-06, 0.0200538
-4.20847e-06, 0.020875
-4.17848e-06, 0.0213787
-4.14848e-06, 0.021561
-4.11849e-06, 0.0214432
-4.0885e-06, 0.0210671
-4.0585e-06, 0.02049
-4.02851e-06, 0.0197806
-3.99851e-06, 0.0190129
-3.96852e-06, 0.01826
-3.93853e-06, 0.0175867
-3.90853e-06, 0.0170428
-3.87854e-06, 0.016658
-3.84855e-06, 0.0164416
-3.81855e-06, 0.0163863
-3.78856e-06, 0.0164765
-3.75856e-06, 0.0166961
-3.72857e-06, 0.0170349
-3.69858e-06, 0.0174908
-3.66858e-06, 0.0180672
-3.63859e-06, 0.0187691
-3.6086e-06, 0.019597
-3.5786e-06, 0.0205432
-3.54861e-06, 0.0215893
-3.51861e-06, 0.022707
-3.48862e-06, 0.0238615
-3.45863e-06, 0.0250147
-3.42863e-06, 0.02613
-3.39864e-06, 0.0271749
-3.36865e-06, 0.0281241
-3.33865e-06, 0.0289603
-3.30866e-06, 0.0296743
-3.27866e-06, 0.0302637
-3.24867e-06, 0.030731
-3.21868e-06, 0.0310805
-3.18868e-06, 0.031315
-3.15869e-06, 0.0314333
-3.1287e-06, 0.0314276
-3.0987e-06, 0.0312825
-3.06871e-06, 0.0309757
-3.03871e-06, 0.0304796
-3.00872e-06, 0.0297645
-2.97873e-06, 0.0288026
-2.94873e-06, 0.0275731
-2.91874e-06, 0.0260668
-2.88875e-06, 0.0242927
-2.85875e-06, 0.0222857
-2.82876e-06, 0.0201176
-2.79876e-06, 0.0179147
-2.76877e-06, 0.0158834
-2.73878e-06, 0.0143338
-2.70878e-06, 0.0136452
-2.67879e-06, 0.0140921
-2.6488e-06, 0.0156404
-2.6188e-06, 0.0179949
-2.58881e-06, 0.0208123
-2.55881e-06, 0.0238167
-2.52882e-06, 0.0268086
-2.49883e-06, 0.0296446
-2.46883e-06, 0.0322193
-2.43884e-06, 0.0344551
-2.40885e-06, 0.0362951
-2.37885e-06, 0.0377
-2.34886e-06, 0.0386448
-2.31886e-06, 0.0391168
-2.28887e-06, 0.0391136
-2.25888e-06, 0.0386408
-2.22888e-06, 0.0377106
-2.19889e-06, 0.0363393
-2.1689e-06, 0.0345471
-2.1389e-06, 0.032356
-2.10891e-06, 0.02979
-2.07891e-06, 0.026875
-2.04892e-06, 0.0236391
-2.01893e-06, 0.0201139
-1.98893e-06, 0.016335
-1.95894e-06, 0.0123443
-1.92895e-06, 0.00819118
-1.89895e-06, 0.00394291
-1.86896e-06, 0.000748736
-1.83896e-06, 0.00477728
-1.80897e-06, 0.00897699
-1.77898e-06, 0.0130211
-1.74898e-06, 0.0168207
-1.71899e-06, 0.0202942
-1.689e-06, 0.0233636
-1.659e-06, 0.0259575
-1.62901e-06, 0.0280127
-1.59901e-06, 0.0294779
-1.56902e-06, 0.0303159
-1.53903e-06, 0.0305064
-1.50903e-06, 0.0300485
-1.47904e-06, 0.0289637
-1.44905e-06, 0.0272994
-1.41905e-06, 0.0251352
-1.38906e-06, 0.0225936
-1.35906e-06, 0.0198613
-1.32907e-06, 0.0172282
-1.29908e-06, 0.0151381
-1.26908e-06, 0.0141689
-1.23909e-06, 0.0147484
-1.2091e-06, 0.0167784
-1.1791e-06, 0.0197695
-1.14911e-06, 0.0232324
-1.11911e-06, 0.0268194
-1.08912e-06, 0.0302988
-1.05913e-06, 0.0335122
-1.02913e-06, 0.0363471
-9.99139e-07, 0.0387222
-9.69145e-07, 0.0405797
-9.39152e-07, 0.0418805
-9.09158e-07, 0.0426018
-8.79164e-07, 0.0427343
-8.4917e-07, 0.0422818
-8.19177e-07, 0.0412598
-7.89183e-07, 0.0396958
-7.59189e-07, 0.0376305
-7.29195e-07, 0.0351205
-6.99202e-07, 0.0322439
-6.69208e-07, 0.0291117
-6.39214e-07, 0.0258867
-6.0922e-07, 0.0228175
-5.79227e-07, 0.0202804
-5.49233e-07, 0.0187859
-5.19239e-07, 0.0188207
-4.89245e-07, 0.0205251
-4.59252e-07, 0.0236013
-4.29258e-07, 0.0275843
-3.99264e-07, 0.0320741
-3.6927e-07, 0.0367826
-3.39277e-07, 0.0415057
-3.09283e-07, 0.0460947
-2.79289e-07, 0.0504364
-2.49295e-07, 0.0544439
-2.19302e-07, 0.0580511
-1.89308e-07, 0.0612099
-1.59314e-07, 0.0638898
-1.2932e-07, 0.0660764
-9.93266e-08, 0.0677719
-6.93329e-08, 0.0689937
-3.93392e-08, 0.069774
-9.3454e-09, 0.0701594
2.06483e-08, 0.0702087
5.06421e-08, 0.0699928
8.06358e-08, 0.0695919
1.1063e-07, 0.069094
1.40623e-07, 0.068592
1.70617e-07, 0.0681796
2.00611e-07, 0.0679477
2.30605e-07, 0.067978
2.60598e-07, 0.0683378
2.90592e-07, 0.0690738
3.20586e-07, 0.0702084
3.5058e-07, 0.0717368
3.80573e-07, 0.073628
4.10567e-07, 0.0758272
4.40561e-07, 0.0782607
4.70555e-07, 0.0808411
5.00548e-07, 0.0834729
5.30542e-07, 0.0860573
5.60536e-07, 0.0884967
5.9053e-07, 0.0906983
6.20523e-07, 0.0925772
6.50517e-07, 0.0940582
6.80511e-07, 0.0950783
7.10505e-07, 0.0955875
7.40498e-07, 0.0955495
7.70492e-07, 0.0949424
8.00486e-07, 0.0937582
8.3048e-07, 0.0920025
8.60473e-07, 0.0896932
8.90467e-07, 0.08686
9.20461e-07, 0.0835429
9.50455e-07, 0.0797913
9.80448e-07, 0.0756643
1.01044e-06, 0.0712305
1.04044e-06, 0.0665706
1.07043e-06, 0.0617813
1.10042e-06, 0.0569812
1.13042e-06, 0.0523212
1.16041e-06, 0.0479959
1.1904e-06, 0.0442532
1.2204e-06, 0.0413912
1.25039e-06, 0.0397217
1.28039e-06, 0.0394881
1.31038e-06, 0.0407698
1.34037e-06, 0.0434476
1.37037e-06, 0.0472603
1.40036e-06, 0.0518985
1.43035e-06, 0.0570713
1.46035e-06, 0.0625322
1.49034e-06, 0.0680808
1.52034e-06, 0.073555
1.55033e-06, 0.078824
1.58032e-06, 0.0837818
1.61032e-06, 0.0883439
1.64031e-06, 0.0924441
1.6703e-06, 0.0960334
1.7003e-06, 0.0990785
1.73029e-06, 0.101561
1.76029e-06, 0.103476
1.79028e-06, 0.104832
1.82027e-06, 0.105648
1.85027e-06, 0.105953
1.88026e-06, 0.105786
1.91025e-06, 0.105192
1.94025e-06, 0.104222
1.97024e-06, 0.102932
2.00024e-06, 0.10138
2.03023e-06, 0.0996258
2.06022e-06, 0.0977303
2.09022e-06, 0.0957521
2.12021e-06, 0.0937477
2.1502e-06, 0.0917687
2.1802e-06, 0.0898606
2.21019e-06, 0.0880607
2.24019e-06, 0.0863969
2.27018e-06, 0.0848859
2.30017e-06, 0.0835336
2.33017e-06, 0.0823346
2.36016e-06, 0.0812739
2.39015e-06, 0.0803294
2.42015e-06, 0.079474
2.45014e-06, 0.0786798
2.48014e-06, 0.0779207
2.51013e-06, 0.0771761
2.54012e-06, 0.0764331
2.57012e-06, 0.0756889
2.60011e-06, 0.074952
2.6301e-06, 0.0742424
2.6601e-06, 0.0735917
2.69009e-06, 0.0730413
2.72009e-06, 0.0726402
2.75008e-06, 0.0724422
2.78007e-06, 0.0725011
2.81007e-06, 0.0728666
2.84006e-06, 0.0735789
2.87005e-06, 0.0746648
2.90005e-06, 0.0761337
2.93004e-06, 0.0779763
2.96004e-06, 0.080164
2.99003e-06, 0.0826503
3.02002e-06, 0.0853735
3.05002e-06, 0.0882596
3.08001e-06, 0.0912255
3.11e-06, 0.0941827
3.14e-06, 0.0970397
3.16999e-06, 0.0997054
3.19999e-06, 0.102091
3.22998e-06, 0.104113
3.25997e-06, 0.105696
3.28997e-06, 0.106771
3.31996e-06, 0.107282
3.34995e-06, 0.107186
3.37995e-06, 0.106452
3.40994e-06, 0.105064
3.43994e-06, 0.103021
3.46993e-06, 0.100339
3.49992e-06, 0.0970479
3.52992e-06, 0.0931948
3.55991e-06, 0.0888438
3.5899e-06, 0.0840768
3.6199e-06, 0.0789964
3.64989e-06, 0.0737287
3.67989e-06, 0.06843
3.70988e-06, 0.0632937
3.73987e-06, 0.0585581
3.76987e-06, 0.054509
3.79986e-06, 0.0514656
3.82985e-06, 0.0497355
3.85985e-06, 0.0495369
3.88984e-06, 0.0509225
3.91984e-06, 0.0537601
3.94983e-06, 0.0577869
3.97982e-06, 0.0626906
4.00982e-06, 0.068171
4.03981e-06, 0.0739669
4.0698e-06, 0.0798602
4.0998e-06, 0.0856708
4.12979e-06, 0.0912492
4.15979e-06, 0.0964707
4.18978e-06, 0.101231
4.21977e-06, 0.105444
4.24977e-06, 0.109038
4.27976e-06, 0.111961
4.30975e-06, 0.114171
4.33975e-06, 0.115644
4.36974e-06, 0.116369
4.39974e-06, 0.116348
4.42973e-06, 0.115598
4.45972e-06, 0.114147
4.48972e-06, 0.112035
4.51971e-06, 0.109313
4.5497e-06, 0.106043
4.5797e-06, 0.102295
4.60969e-06, 0.0981528
4.63969e-06, 0.0937084
4.66968e-06, 0.0890677
4.69967e-06, 0.0843501
4.72967e-06, 0.0796913
4.75966e-06, 0.0752436
4.78965e-06, 0.0711753
4.81965e-06, 0.0676647
4.84964e-06, 0.0648873
4.87964e-06, 0.0629943
4.90963e-06, 0.0620866
4.93962e-06, 0.0621915
4.96962e-06, 0.0632536
4.99961e-06, 0.0651458
5.0296e-06, 0.0676941
5.0596e-06, 0.070706
5.08959e-06, 0.0739933
5.11959e-06, 0.0773864
5.14958e-06, 0.0807405
5.17957e-06, 0.0839372
5.20957e-06, 0.0868836
5.23956e-06, 0.0895103
5.26955e-06, 0.0917684
5.29955e-06, 0.093628
5.32954e-06, 0.0950751
5.35954e-06, 0.0961101
5.38953e-06, 0.0967456
5.41952e-06, 0.097005
5.44952e-06, 0.0969208
5.47951e-06, 0.0965333
5.5095e-06, 0.0958891
5.5395e-06, 0.0950402
5.56949e-06, 0.0940426
5.59949e-06, 0.0929549
5.62948e-06, 0.0918364
5.65947e-06, 0.0907453
5.68947e-06, 0.0897358
5.71946e-06, 0.0888559
5.74945e-06, 0.0881441
5.77945e-06, 0.0876269
5.80944e-06, 0.0873167
5.83944e-06, 0.0872112
5.86943e-06, 0.0872932
5.89942e-06, 0.087533
5.92942e-06, 0.0878906
5.95941e-06, 0.0883198
5.9894e-06, 0.0887722
6.0194e-06, 0.0892011
6.04939e-06, 0.0895651
6.07939e-06, 0.0898311
6.10938e-06, 0.0899766
6.13937e-06, 0.0899911
6.16937e-06, 0.0898767
6.19936e-06, 0.0896481
6.22935e-06, 0.0893319
6.25935e-06, 0.0889652
6.28934e-06, 0.0885935
6.31934e-06, 0.0882679
6.34933e-06, 0.0880422
6.37932e-06, 0.0879691
6.40932e-06, 0.088096
6.43931e-06, 0.0884616
6.4693e-06, 0.089092
6.4993e-06, 0.0899983
6.52929e-06, 0.0911751
6.55929e-06, 0.0925997
6.58928e-06, 0.0942339
6.61927e-06, 0.0960248
6.64927e-06, 0.0979087
6.67926e-06, 0.0998134
6.70925e-06, 0.101662
6.73925e-06, 0.103375
6.76924e-06, 0.104876
6.79924e-06, 0.10609
6.82923e-06, 0.10695
6.85922e-06, 0.107398
6.88922e-06, 0.107386
6.91921e-06, 0.106876
6.9492e-06, 0.105847
6.9792e-06, 0.104291
7.00919e-06, 0.102215
7.03919e-06, 0.0996436
7.06918e-06, 0.0966198
7.09917e-06, 0.0932048
7.12917e-06, 0.0894806
7.15916e-06, 0.0855519
7.18915e-06, 0.0815475
7.21915e-06, 0.0776228
7.24914e-06, 0.0739594
7.27914e-06, 0.070761
7.30913e-06, 0.0682424
7.33912e-06, 0.0666076
7.36912e-06, 0.0660187
7.39911e-06, 0.0665643
7.4291e-06, 0.0682388
7.4591e-06, 0.0709454
7.48909e-06, 0.0745184
7.51909e-06, 0.0787543
7.54908e-06, 0.0834394
7.57907e-06, 0.0883683
7.60907e-06, 0.0933529
7.63906e-06, 0.098226
7.66905e-06, 0.102842
7.69905e-06, 0.107075
7.72904e-06, 0.110818
7.75904e-06, 0.113983
7.78903e-06, 0.116501
7.81902e-06, 0.118316
7.84902e-06, 0.119392
7.87901e-06, 0.119707
7.909e-06, 0.119255
7.939e-06, 0.118046
7.96899e-06, 0.1161
7.99899e-06, 0.113452
8.02898e-06, 0.11015
8.05897e-06, 0.106252
8.08897e-06, 0.101828
8.11896e-06, 0.0969595
8.14895e-06, 0.0917422
8.17895e-06, 0.0862886
8.20894e-06, 0.0807327
8.23894e-06, 0.075236
8.26893e-06, 0.0699939
8.29892e-06, 0.0652416
8.32892e-06, 0.0612511
8.35891e-06, 0.0583117
8.3889e-06, 0.056685
8.4189e-06, 0.0565389
8.44889e-06, 0.0578921
8.47889e-06, 0.0606049
8.50888e-06, 0.0644245
8.53887e-06, 0.069051
8.56887e-06, 0.0741898
8.59886e-06, 0.0795796
8.62885e-06, 0.0849997
8.65885e-06, 0.0902689
8.68884e-06, 0.0952409
8.71884e-06, 0.0997994
8.74883e-06, 0.103854
8.77882e-06, 0.107338
8.80882e-06, 0.110205
8.83881e-06, 0.112425
8.8688e-06, 0.113988
8.8988e-06, 0.114898
8.92879e-06, 0.115172
8.95879e-06, 0.114838
8.98878e-06, 0.113938
9.01877e-06, 0.112518
9.04877e-06, 0.110637
9.07876e-06, 0.108357
9.10875e-06, 0.105748
9.13875e-06, 0.102887
9.16874e-06, 0.0998527
9.19874e-06, 0.0967319
9.22873e-06, 0.0936142
9.25872e-06, 0.0905925
9.28872e-06, 0.08776
9.31871e-06, 0.0852075
9.3487e-06, 0.0830182
9.3787e-06, 0.081262
9.40869e-06, 0.0799895
9.43868e-06, 0.0792266
9.46868e-06, 0.0789718
9.49867e-06, 0.0791963
9.52867e-06, 0.0798475
9.55866e-06, 0.0808559
9.58865e-06, 0.0821419
9.61865e-06, 0.0836239
9.64864e-06, 0.0852245
9.67863e-06, 0.0868757
9.70863e-06, 0.0885214
9.73862e-06, 0.0901193
9.76862e-06, 0.0916413
9.79861e-06, 0.0930726
9.8286e-06, 0.0944104
9.8586e-06, 0.0956621
9.88859e-06, 0.0968426
9.91858e-06, 0.0979721
9.94858e-06, 0.0990729
9.97857e-06, 0.100167
1.00086e-05, 0.101273
1.00386e-05, 0.102404
1.00686e-05, 0.103566
1.00985e-05, 0.104755
1.01285e-05, 0.105959
1.01585e-05, 0.107155
1.01885e-05, 0.108313
1.02185e-05, 0.109394
1.02485e-05, 0.110354
1.02785e-05, 0.111143
1.03085e-05, 0.111713
1.03385e-05, 0.112015
1.03685e-05, 0.112003
1.03985e-05, 0.111638
1.04285e-05, 0.110887
1.04585e-05, 0.109727
1.04885e-05, 0.108146
1.05185e-05, 0.106144
1.05485e-05, 0.103735
1.05784e-05, 0.100949
1.06084e-05, 0.097828
1.06384e-05, 0.0944346
1.06684e-05, 0.0908474
1.06984e-05, 0.0871644
1.07284e-05, 0.0835037
1.07584e-05, 0.0800038
1.07884e-05, 0.0768215
1.08184e-05, 0.0741264
1.08484e-05, 0.0720907
1.08784e-05, 0.0708715
1.09084e-05, 0.0705894
1.09384e-05, 0.0713081
1.09684e-05, 0.0730224
1.09984e-05, 0.0756602
1.10284e-05, 0.0790964
1.10583e-05, 0.0831728
1.10883e-05, 0.0877164
1.11183e-05, 0.0925537
1.11483e-05, 0.0975189
1.11783e-05, 0.102458
1.12083e-05, 0.10723
1.12383e-05, 0.111709
1.12683e-05, 0.115781
1.12983e-05, 0.119348
1.13283e-05, 0.122327
1.13583e-05, 0.124647
1.13883e-05, 0.126254
1.14183e-05, 0.12711
1.14483e-05, 0.127191
1.14783e-05, 0.126492
1.15083e-05, 0.125023
1.15382e-05, 0.122811
1.15682e-05, 0.119898
1.15982e-05, 0.116346
1.16282e-05, 0.112231
1.16582e-05, 0.107647
1.16882e-05, 0.102707
1.17182e-05, 0.0975433
1.17482e-05, 0.0923099
1.17782e-05, 0.0871834
1.18082e-05, 0.0823629
1.18382e-05, 0.0780666
1.18682e-05, 0.0745198
1.18982e-05, 0.0719344
1.19282e-05, 0.0704763
1.19582e-05, 0.070233
1.19882e-05, 0.0711912
1.20181e-05, 0.0732392
1.20481e-05, 0.0761913
1.20781e-05, 0.0798235
1.21081e-05, 0.0839056
1.21381e-05, 0.0882216
1.21681e-05, 0.0925812
1.21981e-05, 0.0968221
1.22281e-05, 0.10081
1.22581e-05, 0.104437
1.22881e-05, 0.107617
1.23181e-05, 0.110286
1.23481e-05, 0.112399
1.23781e-05, 0.113927
1.24081e-05, 0.11486
1.24381e-05, 0.115199
1.24681e-05, 0.114963
1.2498e-05, 0.114183
1.2528e-05, 0.112903
1.2558e-05, 0.111179
1.2588e-05, 0.109082
1.2618e-05, 0.10669
1.2648e-05, 0.104096
1.2678e-05, 0.1014
1.2708e-05, 0.0987115
1.2738e-05, 0.0961439
1.2768e-05, 0.0938112
1.2798e-05, 0.0918209
1.2828e-05, 0.0902664
1.2858e-05, 0.0892182
1.2888e-05, 0.0887163
1.2918e-05, 0.0887656
1.2948e-05, 0.0893342
1.29779e-05, 0.0903579
1.30079e-05, 0.0917467
1.30379e-05, 0.0933941
1.30679e-05, 0.0951871
1.30979e-05, 0.0970138
1.31279e-05, 0.0987704
1.31579e-05, 0.100366
1.31879e-05, 0.101723
1.32179e-05, 0.102785
1.32479e-05, 0.103508
1.32779e-05, 0.10387
1.33079e-05, 0.103863
1.33379e-05, 0.103497
1.33679e-05, 0.102796
1.33979e-05, 0.101797
1.34279e-05, 0.100552
1.34578e-05, 0.0991226
1.34878e-05, 0.0975794
1.35178e-05, 0.0960008
1.35478e-05, 0.0944698
1.35778e-05, 0.0930705
1.36078e-05, 0.0918842
1.36378e-05, 0.0909844
1.36678e-05, 0.0904318
1.36978e-05, 0.0902685
1.37278e-05, 0.090515
1.37578e-05, 0.0911665
1.37878e-05, 0.0921943
1.38178e-05, 0.0935468
1.38478e-05, 0.0951546
1.38778e-05, 0.0969352
1.39078e-05, 0.0987991
1.39377e-05, 0.100655
1.39677e-05, 0.102414
1.39977e-05, 0.103994
1.40277e-05, 0.105324
1.40577e-05, 0.106344
1.40877e-05, 0.107007
1.41177e-05, 0.107283
1.41477e-05, 0.107153
1.41777e-05, 0.106619
1.42077e-05, 0.105695
1.42377e-05, 0.104412
1.42677e-05, 0.102815
1.42977e-05, 0.100963
1.43277e-05, 0.0989297
1.43577e-05, 0.0967984
1.43877e-05, 0.0946623
1.44176e-05, 0.092621
1.44476e-05, 0.0907755
1.44776e-05, 0.0892235
1.45076e-05, 0.0880519
1.45376e-05, 0.0873303
1.45676e-05, 0.0871037
1.45976e-05, 0.0873879
1.46276e-05, 0.0881674
1.46576e-05, 0.089397
1.46876e-05, 0.0910061
1.47176e-05, 0.0929058
1.47476e-05, 0.0949957
1.47776e-05, 0.0971708
1.48076e-05, 0.099328
1.48376e-05, 0.10137
1.48676e-05, 0.103209
1.48975e-05, 0.104769
1.49275e-05, 0.105988
1.49575e-05, 0.106817
1.49875e-05, 0.107223
1.50175e-05, 0.107187
1.50475e-05, 0.106708
1.50775e-05, 0.105797
1.51075e-05, 0.104484
1.51375e-05, 0.102811
1.51675e-05, 0.100836
1.51975e-05, 0.0986327
1.52275e-05, 0.0962872
1.52575e-05, 0.0938987
1.52875e-05, 0.091577
1.53175e-05, 0.0894386
1.53475e-05, 0.087602
1.53774e-05, 0.0861793
1.54074e-05, 0.0852678
1.54374e-05, 0.0849394
1.54674e-05, 0.0852321
1.54974e-05, 0.086145
1.55274e-05, 0.0876376
1.55574e-05, 0.0896345
1.55874e-05, 0.0920337
1.56174e-05, 0.0947157
1.56474e-05, 0.0975537
1.56774e-05, 0.100421
1.57074e-05, 0.103197
1.57374e-05, 0.105771
1.57674e-05, 0.108046
1.57974e-05, 0.10994
1.58274e-05, 0.111387
1.58573e-05, 0.112337
1.58873e-05, 0.112759
1.59173e-05, 0.112636
1.59473e-05, 0.11197
1.59773e-05, 0.110778
1.60073e-05, 0.109096
1.60373e-05, 0.106973
1.60673e-05, 0.104474
1.60973e-05, 0.101681
1.61273e-05, 0.0986896
1.61573e-05, 0.0956083
1.61873e-05, 0.0925593
1.62173e-05, 0.0896737
1.62473e-05, 0.0870878
1.62773e-05, 0.0849352
1.63073e-05, 0.0833375
1.63372e-05, 0.0823918
1.63672e-05, 0.0821594
1.63972e-05, 0.082657
1.64272e-05, 0.083854
1.64572e-05, 0.0856767
1.64872e-05, 0.0880173
1.65172e-05, 0.0907462
1.65472e-05, 0.0937237
1.65772e-05, 0.0968101
1.66072e-05, 0.0998724
1.66372e-05, 0.10279
1.66672e-05, 0.105455
1.66972e-05, 0.107776
1.67272e-05, 0.109681
1.67572e-05, 0.111112
1.67872e-05, 0.112029
1.68171e-05, 0.11241
1.68471e-05, 0.112248
1.68771e-05, 0.111555
1.69071e-05, 0.110359
1.69371e-05, 0.108702
1.69671e-05, 0.106643
1.69971e-05, 0.104256
1.70271e-05, 0.101627
1.70571e-05, 0.0988568
1.70871e-05, 0.0960571
1.71171e-05, 0.0933473
1.71471e-05, 0.090851
1.71771e-05, 0.0886898
1.72071e-05, 0.0869754
1.72371e-05, 0.0858
1.72671e-05, 0.0852271
1.7297e-05, 0.0852839
1.7327e-05, 0.0859579
1.7357e-05, 0.0871986
1.7387e-05, 0.0889237
1.7417e-05, 0.0910283
1.7447e-05, 0.0933947
1.7477e-05, 0.0959016
1.7507e-05, 0.0984312
1.7537e-05, 0.100874
1.7567e-05, 0.103134
1.7597e-05, 0.105127
1.7627e-05, 0.106786
1.7657e-05, 0.108057
1.7687e-05, 0.108904
1.7717e-05, 0.109305
1.7747e-05, 0.109254
1.77769e-05, 0.10876
1.78069e-05, 0.107847
1.78369e-05, 0.106552
1.78669e-05, 0.104928
1.78969e-05, 0.103038
1.79269e-05, 0.100961
1.79569e-05, 0.098783
1.79869e-05, 0.0966024
1.80169e-05, 0.0945215
1.80469e-05, 0.0926444
1.80769e-05, 0.0910708
1.81069e-05, 0.0898891
1.81369e-05, 0.0891689
1.81669e-05, 0.0889539
1.81969e-05, 0.0892573
1.82269e-05, 0.09006
1.82568e-05, 0.0913128
1.82868e-05, 0.0929413
1.83168e-05, 0.0948534
1.83468e-05, 0.0969474
1.83768e-05, 0.0991183
1.84068e-05, 0.101265
1.84368e-05, 0.103293
1.84668e-05, 0.10512
1.84968e-05, 0.106677
1.85268e-05, 0.107907
1.85568e-05, 0.108771
1.85868e-05, 0.109243
1.86168e-05, 0.109313
1.86468e-05, 0.108985
1.86768e-05, 0.108279
1.87068e-05, 0.107227
1.87367e-05, 0.105875
1.87667e-05, 0.104282
1.87967e-05, 0.102515
1.88267e-05, 0.100654
1.88567e-05, 0.0987855
1.88867e-05, 0.0969991
1.89167e-05, 0.0953859
1.89467e-05, 0.0940325
1.89767e-05, 0.0930153
1.90067e-05, 0.0923944
1.90367e-05, 0.0922083
1.90667e-05, 0.0924699
1.90967e-05, 0.0931647
1.91267e-05, 0.0942524
1.91567e-05, 0.0956701
1.91867e-05, 0.0973381
1.92166e-05, 0.0991658
1.92466e-05, 0.101058
1.92766e-05, 0.102922
1.93066e-05, 0.104667
1.93366e-05, 0.106215
1.93666e-05, 0.107497
1.93966e-05, 0.108458
1.94266e-05, 0.109056
1.94566e-05, 0.109266
1.94866e-05, 0.109079
1.95166e-05, 0.1085
1.95466e-05, 0.10755
1.95766e-05, 0.106268
1.96066e-05, 0.104706
1.96366e-05, 0.102931
1.96666e-05, 0.101024
1.96965e-05, 0.0990752
1.97265e-05, 0.0971854
1.97565e-05, 0.0954581
1.97865e-05, 0.0939957
1.98165e-05, 0.0928915
1.98465e-05, 0.0922226
1.98765e-05, 0.092042
1.99065e-05, 0.0923726
1.99365e-05, 0.0932042
1.99665e-05, 0.0944946
1.99965e-05, 0.0961729
2.00265e-05, 0.098147
2.00565e-05, 0.100311
2.00865e-05, 0.102551
2.01165e-05, 0.104755
2.01465e-05, 0.106815
2.01764e-05, 0.108633
2.02064e-05, 0.110122
2.02364e-05, 0.111211
2.02664e-05, 0.11184
2.02964e-05, 0.111969
2.03264e-05, 0.111572
2.03564e-05, 0.110641
2.03864e-05, 0.109185
2.04164e-05, 0.107228
2.04464e-05, 0.104816
2.04764e-05, 0.102007
2.05064e-05, 0.0988825
2.05364e-05, 0.0955381
2.05664e-05, 0.0920899
2.05964e-05, 0.0886713
2.06264e-05, 0.0854311
2.06563e-05, 0.0825292
2.06863e-05, 0.0801271
2.07163e-05, 0.0783753
2.07463e-05, 0.0773961
2.07763e-05, 0.0772658
2.08063e-05, 0.0780022
2.08363e-05, 0.0795614
2.08663e-05, 0.0818446
2.08963e-05, 0.0847135
2.09263e-05, 0.0880074
2.09563e-05, 0.0915593
2.09863e-05, 0.0952068
2.10163e-05, 0.0987994
2.10463e-05, 0.102203
2.10763e-05, 0.105299
2.11063e-05, 0.107989
2.11362e-05, 0.110191
2.11662e-05, 0.111841
2.11962e-05, 0.112891
2.12262e-05, 0.113311
2.12562e-05, 0.113084
2.12862e-05, 0.112212
2.13162e-05, 0.110709
2.13462e-05, 0.108605
2.13762e-05, 0.105943
2.14062e-05, 0.102781
2.14362e-05, 0.0991922
2.14662e-05, 0.0952618
2.14962e-05, 0.0910928
2.15262e-05, 0.0868048
2.15562e-05, 0.082536
2.15862e-05, 0.0784436
2.16161e-05, 0.0747031
2.16461e-05, 0.0715016
2.16761e-05, 0.0690259
2.17061e-05, 0.0674413
2.17361e-05, 0.0668658
2.17661e-05, 0.0673463
2.17961e-05, 0.0688479
2.18261e-05, 0.071261
2.18561e-05, 0.0744236
2.18861e-05, 0.0781473
2.19161e-05, 0.08224
2.19461e-05, 0.0865198
2.19761e-05, 0.0908231
2.20061e-05, 0.0950071
2.20361e-05, 0.0989494
2.20661e-05, 0.102548
2.2096e-05, 0.10572
2.2126e-05, 0.108398
2.2156e-05, 0.110534
2.2186e-05, 0.112095
2.2216e-05, 0.113062
2.2246e-05, 0.113433
2.2276e-05, 0.113218
2.2306e-05, 0.112444
2.2336e-05, 0.111148
2.2366e-05, 0.109382
2.2396e-05, 0.107209
2.2426e-05, 0.104703
2.2456e-05, 0.101951
2.2486e-05, 0.0990451
2.2516e-05, 0.096088
2.2546e-05, 0.0931853
2.25759e-05, 0.090444
2.26059e-05, 0.0879671
2.26359e-05, 0.085848
2.26659e-05, 0.0841638
2.26959e-05, 0.0829685
2.27259e-05, 0.0822884
2.27559e-05, 0.0821194
2.27859e-05, 0.0824282
2.28159e-05, 0.0831575
2.28459e-05, 0.0842317
2.28759e-05, 0.0855659
2.29059e-05, 0.0870727
2.29359e-05, 0.0886685
2.29659e-05, 0.090278
2.29959e-05, 0.091837
2.30259e-05, 0.0932943
2.30558e-05, 0.0946118
2.30858e-05, 0.0957649
2.31158e-05, 0.0967412
2.31458e-05, 0.0975403
2.31758e-05, 0.0981721
2.32058e-05, 0.0986552
2.32358e-05, 0.0990161
2.32658e-05, 0.0992863
2.32958e-05, 0.0995009
2.33258e-05, 0.0996963
2.33558e-05, 0.0999074
2.33858e-05, 0.100166
2.34158e-05, 0.100497
2.34458e-05, 0.100918
2.34758e-05, 0.101437
2.35058e-05, 0.10205
2.35357e-05, 0.102743
2.35657e-05, 0.103492
2.35957e-05, 0.104261
2.36257e-05, 0.10501
2.36557e-05, 0.105691
2.36857e-05, 0.106255
2.37157e-05, 0.106652
2.37457e-05, 0.106837
2.37757e-05, 0.106769
2.38057e-05, 0.106414
2.38357e-05, 0.105748
2.38657e-05, 0.104759
2.38957e-05, 0.103448
2.39257e-05, 0.10183
2.39557e-05, 0.0999353
2.39857e-05, 0.0978084
2.40156e-05, 0.0955112
2.40456e-05, 0.0931202
2.40756e-05, 0.090726
2.41056e-05, 0.0884308
2.41356e-05, 0.086344
2.41656e-05, 0.0845764
2.41956e-05, 0.083232
2.42256e-05, 0.0823982
2.42556e-05, 0.0821365
2.42856e-05, 0.0824752
2.43156e-05, 0.0834051
2.43456e-05, 0.0848811
2.43756e-05, 0.0868275
2.44056e-05, 0.0891465
2.44356e-05, 0.0917274
2.44656e-05, 0.0944547
2.44955e-05, 0.0972148
2.45255e-05, 0.0999002
2.45555e-05, 0.102413
2.45855e-05, 0.104665
2.46155e-05, 0.10658
2.46455e-05, 0.108095
2.46755e-05, 0.109156
2.47055e-05, 0.109724
2.47355e-05, 0.109768
2.47655e-05, 0.109272
2.47955e-05, 0.108229
2.48255e-05, 0.106645
2.48555e-05, 0.104539
2.48855e-05, 0.101943
2.49155e-05, 0.098902
2.49455e-05, 0.0954779
2.49754e-05, 0.0917498
2.50054e-05, 0.0878171
2.50354e-05, 0.0838013
2.50654e-05, 0.0798482
2.50954e-05, 0.0761287
2.51254e-05, 0.0728343
2.51554e-05, 0.0701674
2.51854e-05, 0.0683211
2.52154e-05, 0.0674511
2.52454e-05, 0.0676452
2.52754e-05, 0.068903
2.53054e-05, 0.0711351
2.53354e-05, 0.0741822
2.53654e-05, 0.0778445
2.53954e-05, 0.0819097
2.54254e-05, 0.0861724
2.54553e-05, 0.0904459
2.54853e-05, 0.0945665
2.55153e-05, 0.0983949
2.55453e-05, 0.101815
2.55753e-05, 0.104735
2.56053e-05, 0.107081
2.56353e-05, 0.1088
2.56653e-05, 0.109858
2.56953e-05, 0.110238
2.57253e-05, 0.10994
2.57553e-05, 0.108976
2.57853e-05, 0.107377
2.58153e-05, 0.105185
2.58453e-05, 0.102454
2.58753e-05, 0.0992527
2.59053e-05, 0.0956611
2.59352e-05, 0.0917721
2.59652e-05, 0.0876919
2.59952e-05, 0.0835408
2.60252e-05, 0.0794546
2.60552e-05, 0.0755837
2.60852e-05, 0.0720912
2.61152e-05, 0.0691455
2.61452e-05, 0.0669082
2.61752e-05, 0.0655145
2.62052e-05, 0.0650516
2.62352e-05, 0.0655409
2.62652e-05, 0.0669328
2.62952e-05, 0.0691157
2.63252e-05, 0.0719357
2.63552e-05, 0.0752195
2.63852e-05, 0.0787921
2.64151e-05, 0.0824893
2.64451e-05, 0.0861634
2.64751e-05, 0.0896861
2.65051e-05, 0.0929488
2.65351e-05, 0.0958617
2.65651e-05, 0.0983531
2.65951e-05, 0.100369
2.66251e-05, 0.101871
2.66551e-05, 0.102839
2.66851e-05, 0.103266
2.67151e-05, 0.103161
2.67451e-05, 0.10255
2.67751e-05, 0.101468
2.68051e-05, 0.0999697
2.68351e-05, 0.0981176
2.68651e-05, 0.0959882
2.6895e-05, 0.0936677
2.6925e-05, 0.0912506
2.6955e-05, 0.0888371
2.6985e-05, 0.0865294
2.7015e-05, 0.0844272
2.7045e-05, 0.0826218
2.7075e-05, 0.0811899
2.7105e-05, 0.0801872
2.7135e-05, 0.0796435
2.7165e-05, 0.0795601
2.7195e-05, 0.0799105
2.7225e-05, 0.0806439
2.7255e-05, 0.0816916
2.7285e-05, 0.0829734
2.7315e-05, 0.0844053
2.7345e-05, 0.0859049
2.73749e-05, 0.0873961
2.74049e-05, 0.088812
2.74349e-05, 0.0900971
2.74649e-05, 0.091208
2.74949e-05, 0.0921143
2.75249e-05, 0.0927977
2.75549e-05, 0.0932524
2.75849e-05, 0.0934844
2.76149e-05, 0.0935103
2.76449e-05, 0.093357
2.76749e-05, 0.09306
2.77049e-05, 0.0926621
2.77349e-05, 0.0922114
2.77649e-05, 0.0917588
2.77949e-05, 0.0913558
2.78249e-05, 0.0910503
2.78548e-05, 0.0908841
2.78848e-05, 0.0908895
2.79148e-05, 0.0910861
2.79448e-05, 0.0914793
2.79748e-05, 0.092059
2.80048e-05, 0.0928004
2.80348e-05, 0.0936652
2.80648e-05, 0.0946048
2.80948e-05, 0.0955624
2.81248e-05, 0.0964777
2.81548e-05, 0.0972893
2.81848e-05, 0.0979386
2.82148e-05, 0.0983724
2.82448e-05, 0.098545
2.82748e-05, 0.0984205
2.83048e-05, 0.0979742
2.83347e-05, 0.0971938
2.83647e-05, 0.0960802
2.83947e-05, 0.0946482
2.84247e-05, 0.0929267
2.84547e-05, 0.0909591
2.84847e-05, 0.0888027
2.85147e-05, 0.0865287
2.85447e-05, 0.0842203
2.85747e-05, 0.0819711
2.86047e-05, 0.0798816
2.86347e-05, 0.0780542
2.86647e-05, 0.0765867
2.86947e-05, 0.075564
2.87247e-05, 0.0750498
2.87547e-05, 0.0750794
2.87847e-05, 0.0756549
2.88146e-05, 0.0767456
2.88446e-05, 0.0782913
2.88746e-05, 0.0802092
2.89046e-05, 0.0824026
2.89346e-05, 0.0847678
2.89646e-05, 0.087201
2.89946e-05, 0.0896026
2.90246e-05, 0.09188
2.90546e-05, 0.0939498
2.90846e-05, 0.0957386
2.91146e-05, 0.0971832
2.91446e-05, 0.0982313
2.91746e-05, 0.0988412
2.92046e-05, 0.0989823
2.92346e-05, 0.0986351
2.92646e-05, 0.0977918
2.92945e-05, 0.0964567
2.93245e-05, 0.094647
2.93545e-05, 0.0923937
2.93845e-05, 0.0897427
2.94145e-05, 0.0867564
2.94445e-05, 0.083515
2.94745e-05, 0.0801185
2.95045e-05, 0.0766874
2.95345e-05, 0.0733633
2.95645e-05, 0.0703061
2.95945e-05, 0.067687
2.96245e-05, 0.0656752
2.96545e-05, 0.064418
2.96845e-05, 0.0640169
2.97145e-05, 0.0645074
2.97445e-05, 0.065851
2.97744e-05, 0.0679427
2.98044e-05, 0.0706302
2.98344e-05, 0.0737384
2.98644e-05, 0.0770883
2.98944e-05, 0.0805119
2.99244e-05, 0.0838588
2.99544e-05, 0.0869995
2.99844e-05, 0.0898265
3.00144e-05, 0.0922526
3.00444e-05, 0.0942109
3.00744e-05, 0.095652
3.01044e-05, 0.0965442
3.01344e-05, 0.0968708
3.01644e-05, 0.09663
3.01944e-05, 0.0958332
3.02244e-05, 0.094504
3.02543e-05, 0.0926778
3.02843e-05, 0.0904006
3.03143e-05, 0.0877291
3.03443e-05, 0.0847301
3.03743e-05, 0.0814812
3.04043e-05, 0.0780714
3.04343e-05, 0.0746018
3.04643e-05, 0.0711861
3.04943e-05, 0.067951
3.05243e-05, 0.0650334
3.05543e-05, 0.0625751
3.05843e-05, 0.0607124
3.06143e-05, 0.0595601
3.06443e-05, 0.0591941
3.06743e-05, 0.0596367
3.07043e-05, 0.0608509
3.07342e-05, 0.0627469
3.07642e-05, 0.065197
3.07942e-05, 0.0680536
3.08242e-05, 0.0711647
3.08542e-05, 0.0743848
3.08842e-05, 0.0775814
3.09142e-05, 0.0806372
3.09442e-05, 0.0834521
3.09742e-05, 0.0859424
3.10042e-05, 0.088041
3.10342e-05, 0.0896971
3.10642e-05, 0.0908753
3.10942e-05, 0.091556
3.11242e-05, 0.0917346
3.11542e-05, 0.0914216
3.11842e-05, 0.0906423
3.12141e-05, 0.0894358
3.12441e-05, 0.0878552
3.12741e-05, 0.0859664
3.13041e-05, 0.0838472
3.13341e-05, 0.0815854
3.13641e-05, 0.0792773
3.13941e-05, 0.0770239
3.14241e-05, 0.0749268
3.14541e-05, 0.0730828
3.14841e-05, 0.071577
3.15141e-05, 0.0704754
3.15441e-05, 0.0698193
3.15741e-05, 0.0696205
3.16041e-05, 0.0698606
3.16341e-05, 0.0704943
3.16641e-05, 0.0714553
3.1694e-05, 0.0726635
3.1724e-05, 0.074033
3.1754e-05, 0.0754783
3.1784e-05, 0.0769194
3.1814e-05, 0.078285
3.1844e-05, 0.0795143
3.1874e-05, 0.0805582
3.1904e-05, 0.081379
3.1934e-05, 0.081951
3.1964e-05, 0.0822598
3.1994e-05, 0.0823018
3.2024e-05, 0.0820841
3.2054e-05, 0.0816238
3.2084e-05, 0.080948
3.2114e-05, 0.0800925
3.2144e-05, 0.0791018
3.21739e-05, 0.0780275
3.22039e-05, 0.0769274
3.22339e-05, 0.075863
3.22639e-05, 0.0748969
3.22939e-05, 0.0740897
3.23239e-05, 0.0734955
3.23539e-05, 0.0731583
3.23839e-05, 0.0731077
3.24139e-05, 0.0733562
3.24439e-05, 0.0738978
3.24739e-05, 0.0747083
3.25039e-05, 0.0757473
3.25339e-05, 0.0769617
3.25639e-05, 0.0782899
3.25939e-05, 0.0796654
3.26239e-05, 0.0810216
3.26538e-05, 0.0822942
3.26838e-05, 0.0834243
3.27138e-05, 0.0843605
3.27438e-05, 0.0850598
3.27738e-05, 0.0854896
3.28038e-05, 0.0856274
3.28338e-05, 0.085462
3.28638e-05, 0.0849932
3.28938e-05, 0.0842324
3.29238e-05, 0.0832024
3.29538e-05, 0.081937
3.29838e-05, 0.0804805
3.30138e-05, 0.0788873
3.30438e-05, 0.0772203
3.30738e-05, 0.0755495
3.31038e-05, 0.0739488
3.31337e-05, 0.072493
3.31637e-05, 0.0712531
3.31937e-05, 0.0702909
3.32237e-05, 0.0696543
3.32537e-05, 0.069372
3.32837e-05, 0.0694507
3.33137e-05, 0.0698744
3.33437e-05, 0.070606
3.33737e-05, 0.071591
3.34037e-05, 0.0727631
3.34337e-05, 0.074049
3.34637e-05, 0.0753739
3.34937e-05, 0.0766655
3.35237e-05, 0.0778569
3.35537e-05, 0.078889
3.35837e-05, 0.0797118
3.36136e-05, 0.0802853
3.36436e-05, 0.0805796
3.36736e-05, 0.0805757
3.37036e-05, 0.0802649
3.37336e-05, 0.0796496
3.37636e-05, 0.0787429
3.37936e-05, 0.0775685
3.38236e-05, 0.0761613
3.38536e-05, 0.0745674
3.38836e-05, 0.0728438
3.39136e-05, 0.0710579
3.39436e-05, 0.069287
3.39736e-05, 0.0676158
3.40036e-05, 0.0661331
3.40336e-05, 0.0649266
3.40636e-05, 0.0640761
3.40935e-05, 0.0636454
3.41235e-05, 0.0636744
3.41535e-05, 0.0641742
3.41835e-05, 0.0651241
3.42135e-05, 0.0664745
3.42435e-05, 0.0681519
3.42735e-05, 0.0700669
3.43035e-05, 0.0721217
3.43335e-05, 0.0742167
3.43635e-05, 0.0762561
3.43935e-05, 0.0781511
3.44235e-05, 0.0798229
3.44535e-05, 0.0812039
3.44835e-05, 0.0822388
3.45135e-05, 0.0828852
3.45435e-05, 0.0831136
3.45734e-05, 0.0829079
3.46034e-05, 0.0822656
3.46334e-05, 0.0811976
3.46634e-05, 0.0797284
3.46934e-05, 0.0778967
3.47234e-05, 0.075755
3.47534e-05, 0.07337
3.47834e-05, 0.0708232
3.48134e-05, 0.06821
3.48434e-05, 0.0656393
3.48734e-05, 0.0632303
3.49034e-05, 0.0611085
3.49334e-05, 0.0593964
3.49634e-05, 0.0582029
3.49934e-05, 0.0576086
3.50234e-05, 0.0576544
3.50533e-05, 0.0583335
3.50833e-05, 0.0595928
3.51133e-05, 0.0613421
3.51433e-05, 0.0634666
3.51733e-05, 0.0658409
3.52033e-05, 0.0683395
3.52333e-05, 0.0708441
3.52633e-05, 0.0732483
3.52933e-05, 0.0754585
3.53233e-05, 0.0773957
3.53533e-05, 0.0789946
3.53833e-05, 0.0802035
3.54133e-05, 0.0809842
3.54433e-05, 0.0813112
3.54733e-05, 0.0811717
3.55033e-05, 0.0805654
3.55332e-05, 0.0795044
3.55632e-05, 0.078013
3.55932e-05, 0.0761278
3.56232e-05, 0.0738981
3.56532e-05, 0.071386
3.56832e-05, 0.0686669
3.57132e-05, 0.0658299
3.57432e-05, 0.0629776
3.57732e-05, 0.060226
3.58032e-05, 0.0577016
3.58332e-05, 0.055536
3.58632e-05, 0.0538568
3.58932e-05, 0.0527739
3.59232e-05, 0.0523641
3.59532e-05, 0.0526573
3.59832e-05, 0.0536321
3.60131e-05, 0.0552194
3.60431e-05, 0.0573159
3.60731e-05, 0.0597998
3.61031e-05, 0.0625441
3.61331e-05, 0.0654266
3.61631e-05, 0.0683349
3.61931e-05, 0.0711689
3.62231e-05, 0.0738411
3.62531e-05, 0.0762759
3.62831e-05, 0.0784093
3.63131e-05, 0.0801881
3.63431e-05, 0.0815696
3.63731e-05, 0.0825213
3.64031e-05, 0.0830214
3.64331e-05, 0.0830587
3.64631e-05, 0.0826329
3.6493e-05, 0.0817557
3.6523e-05, 0.080451
3.6553e-05, 0.0787552
3.6583e-05, 0.0767185
3.6613e-05, 0.0744048
3.6643e-05, 0.0718919
3.6673e-05, 0.0692714
3.6703e-05, 0.0666475
3.6733e-05, 0.0641341
3.6763e-05, 0.06185
3.6793e-05, 0.0599115
3.6823e-05, 0.0584214
3.6853e-05, 0.0574569
3.6883e-05, 0.0570585
3.6913e-05, 0.0572233
3.6943e-05, 0.0579058
3.69729e-05, 0.059025
3.70029e-05, 0.0604775
3.70329e-05, 0.0621497
3.70629e-05, 0.0639297
3.70929e-05, 0.0657143
3.71229e-05, 0.0674137
3.71529e-05, 0.0689533
3.71829e-05, 0.0702741
3.72129e-05, 0.0713321
3.72429e-05, 0.0720969
3.72729e-05, 0.0725502
3.73029e-05, 0.072685
3.73329e-05, 0.0725039
3.73629e-05, 0.0720183
3.73929e-05, 0.0712471
3.74229e-05, 0.0702161
3.74528e-05, 0.0689579
3.74828e-05, 0.067511
3.75128e-05, 0.0659202
3.75428e-05, 0.0642357
3.75728e-05, 0.0625135
3.76028e-05, 0.0608145
3.76328e-05, 0.0592033
3.76628e-05, 0.057746
3.76928e-05, 0.0565072
3.77228e-05, 0.0555453
3.77528e-05, 0.0549078
3.77828e-05, 0.0546258
3.78128e-05, 0.0547101
3.78428e-05, 0.0551494
3.78728e-05, 0.0559109
3.79028e-05, 0.0569438
3.79327e-05, 0.0581844
3.79627e-05, 0.0595615
3.79927e-05, 0.0610019
3.80227e-05, 0.0624348
3.80527e-05, 0.0637948
3.80827e-05, 0.0650247
3.81127e-05, 0.0660766
3.81427e-05, 0.0669129
3.81727e-05, 0.0675071
3.82027e-05, 0.0678438
3.82327e-05, 0.0679186
3.82627e-05, 0.0677382
3.82927e-05, 0.06732
3.83227e-05, 0.0666917
3.83527e-05, 0.0658904
3.83827e-05, 0.0649616
3.84126e-05, 0.0639581
3.84426e-05, 0.0629375
3.84726e-05, 0.06196
3.85026e-05, 0.0610848
3.85326e-05, 0.0603665
3.85626e-05, 0.0598508
3.85926e-05, 0.0595704
3.86226e-05, 0.0595422
3.86526e-05, 0.0597654
3.86826e-05, 0.0602213
3.87126e-05, 0.0608759
3.87426e-05, 0.0616827
3.87726e-05, 0.0625868
3.88026e-05, 0.0635292
3.88326e-05, 0.0644508
3.88626e-05, 0.0652952
3.88925e-05, 0.0660114
3.89225e-05, 0.0665561
3.89525e-05, 0.0668942
3.89825e-05, 0.0670007
3.90125e-05, 0.0668606
3.90425e-05, 0.0664699
3.90725e-05, 0.065836
3.91025e-05, 0.0649772
3.91325e-05, 0.0639239
3.91625e-05, 0.0627176
3.91925e-05, 0.061411
3.92225e-05, 0.0600669
3.92525e-05, 0.0587563
3.92825e-05, 0.057556
3.93125e-05, 0.0565439
3.93425e-05, 0.0557932
3.93724e-05, 0.0553663
3.94024e-05, 0.0553072
3.94324e-05, 0.0556362
3.94624e-05, 0.0563472
3.94924e-05, 0.0574083
3.95224e-05, 0.0587654
3.95524e-05, 0.0603483
3.95824e-05, 0.0620774
3.96124e-05, 0.0638692
3.96424e-05, 0.0656417
3.96724e-05, 0.0673175
3.97024e-05, 0.0688262
3.97324e-05, 0.0701061
3.97624e-05, 0.0711048
3.97924e-05, 0.0717798
3.98224e-05, 0.0720989
3.98523e-05, 0.0720401
3.98823e-05, 0.071592
3.99123e-05, 0.0707534
3.99423e-05, 0.0695338
3.99723e-05, 0.0679534
4.00023e-05, 0.0660429
4.00323e-05, 0.0638442
4.00623e-05, 0.0614102
4.00923e-05, 0.0588055
4.01223e-05, 0.0561064
4.01523e-05, 0.0534013
4.01823e-05, 0.0507899
4.02123e-05, 0.0483815
4.02423e-05, 0.0462902
4.02723e-05, 0.0446268
4.03023e-05, 0.0434872
4.03322e-05, 0.0429376
4.03622e-05, 0.043003
4.03922e-05, 0.0436618
4.04222e-05, 0.0448507
4.04522e-05, 0.0464769
4.04822e-05, 0.0484329
4.05122e-05, 0.0506089
4.05422e-05, 0.0529015
4.05722e-05, 0.0552171
4.06022e-05, 0.0574739
4.06322e-05, 0.0596011
4.06622e-05, 0.0615378
4.06922e-05, 0.0632321
4.07222e-05, 0.0646399
4.07522e-05, 0.0657243
4.07822e-05, 0.0664553
4.08121e-05, 0.0668096
4.08421e-05, 0.0667709
4.08721e-05, 0.0663302
4.09021e-05, 0.0654867
4.09321e-05, 0.064248
4.09621e-05, 0.0626314
4.09921e-05, 0.0606647
4.10221e-05, 0.0583868
4.10521e-05, 0.0558494
4.10821e-05, 0.0531178
4.11121e-05, 0.0502719
4.11421e-05, 0.0474071
4.11721e-05, 0.0446342
4.12021e-05, 0.0420773
4.12321e-05, 0.0398671
4.12621e-05, 0.0381296
4.1292e-05, 0.0369674
4.1322e-05, 0.0364391
4.1352e-05, 0.0365443
4.1382e-05, 0.0372223
4.1412e-05, 0.0383672
4.1442e-05, 0.0398504
4.1472e-05, 0.041542
4.1502e-05, 0.043325
4.1532e-05, 0.0451024
4.1562e-05, 0.0467986
4.1592e-05, 0.0483587
4.1622e-05, 0.0497452
4.1652e-05, 0.0509354
4.1682e-05, 0.0519181
4.1712e-05, 0.0526909
4.1742e-05, 0.0532574
4.17719e-05, 0.0536248
4.18019e-05, 0.0538018
4.18319e-05, 0.053798
4.18619e-05, 0.0536221
4.18919e-05, 0.0532826
4.19219e-05, 0.0527879
4.19519e-05, 0.0521478
4.19819e-05, 0.0513748
4.20119e-05, 0.0504865
4.20419e-05, 0.0495079
4.20719e-05, 0.048473
4.21019e-05, 0.0474269
4.21319e-05, 0.046426
4.21619e-05, 0.0455371
4.21919e-05, 0.0448339
4.22219e-05, 0.044391
4.22518e-05, 0.0442753
4.22818e-05, 0.0445365
4.23118e-05, 0.045198
4.23418e-05, 0.0462526
4.23718e-05, 0.0476622
4.24018e-05, 0.0493634
4.24318e-05, 0.0512751
4.24618e-05, 0.0533073
4.24918e-05, 0.0553687
4.25218e-05, 0.0573725
4.25518e-05, 0.0592405
4.25818e-05, 0.0609054
4.26118e-05, 0.0623127
4.26418e-05, 0.0634214
4.26718e-05, 0.0642045
4.27018e-05, 0.0646486
4.27317e-05, 0.064754
4.27617e-05, 0.0645338
4.27917e-05, 0.0640135
4.28217e-05, 0.0632292
4.28517e-05, 0.0622265
4.28817e-05, 0.0610585
4.29117e-05, 0.0597833
4.29417e-05, 0.0584612
4.29717e-05, 0.0571514
4.30017e-05, 0.0559082
4.30317e-05, 0.0547775
4.30617e-05, 0.0537929
4.30917e-05, 0.0529739
4.31217e-05, 0.0523241
4.31517e-05, 0.0518317
4.31817e-05, 0.0514715
4.32116e-05, 0.0512082
4.32416e-05, 0.0510003
4.32716e-05, 0.0508038
4.33016e-05, 0.0505762
4.33316e-05, 0.0502791
4.33616e-05, 0.0498799
4.33916e-05, 0.0493538
4.34216e-05, 0.0486837
4.34516e-05, 0.047861
4.34816e-05, 0.0468848
4.35116e-05, 0.0457616
4.35416e-05, 0.044505
4.35716e-05, 0.0431347
4.36016e-05, 0.0416758
4.36316e-05, 0.0401582
4.36616e-05, 0.0386159
4.36915e-05, 0.0370855
4.37215e-05, 0.0356058
4.37515e-05, 0.034216
4.37815e-05, 0.0329537
4.38115e-05, 0.0318537
4.38415e-05, 0.0309444
4.38715e-05, 0.0302461
4.39015e-05, 0.0297689
4.39315e-05, 0.0295114
4.39615e-05, 0.029461
4.39915e-05, 0.0295959
4.40215e-05, 0.0298869
4.40515e-05, 0.0303011
4.40815e-05, 0.0308041
4.41115e-05, 0.0313625
4.41415e-05, 0.0319455
4.41714e-05, 0.0325258
4.42014e-05, 0.0330799
4.42314e-05, 0.0335882
4.42614e-05, 0.034035
4.42914e-05, 0.0344078
4.43214e-05, 0.0346974
4.43514e-05, 0.0348974
4.43814e-05, 0.0350037
4.44114e-05, 0.0350144
4.44414e-05, 0.0349296
4.44714e-05, 0.0347508
4.45014e-05, 0.034481
4.45314e-05, 0.0341247
4.45614e-05, 0.0336869
4.45914e-05, 0.0331741
4.46214e-05, 0.0325931
4.46513e-05, 0.0319516
4.46813e-05, 0.0312578
4.47113e-05, 0.0305202
4.47413e-05, 0.0297479
4.47713e-05, 0.0289499
4.48013e-05, 0.0281356
4.48313e-05, 0.0273142
4.48613e-05, 0.0264949
4.48913e-05, 0.0256868
4.49213e-05, 0.0248984
4.49513e-05, 0.0241382
4.49813e-05, 0.0234136
4.50113e-05, 0.0227315
4.50413e-05, 0.0220977
4.50713e-05, 0.0215173
4.51013e-05, 0.0209938
4.51312e-05, 0.0205297
4.51612e-05, 0.0201258
4.51912e-05, 0.0197821
4.52212e-05, 0.0194968
4.52512e-05, 0.0192672
4.52812e-05, 0.0190897
4.53112e-05, 0.0189597
4.53412e-05, 0.0188724
4.53712e-05, 0.0188223
4.54012e-05, 0.0188042
4.54312e-05, 0.0188128
4.54612e-05, 0.018843
4.54912e-05, 0.0188902
4.55212e-05, 0.0189502
4.55512e-05, 0.0190191
4.55812e-05, 0.0190936
4.56111e-05, 0.0191709
4.56411e-05, 0.0192482
4.56711e-05, 0.0193236
4.57011e-05, 0.019395
4.57311e-05, 0.0194608
4.57611e-05, 0.0195194
4.57911e-05, 0.0195695
4.58211e-05, 0.0196097
4.58511e-05, 0.0196388
4.58811e-05, 0.0196555
4.59111e-05, 0.0196585
4.59411e-05, 0.0196466
4.59711e-05, 0.0196183
4.60011e-05, 0.0195723
4.60311e-05, 0.0195073
4.60611e-05, 0.0194218
4.6091e-05, 0.0193145
4.6121e-05, 0.0191841
4.6151e-05, 0.0190293
4.6181e-05, 0.0188489
4.6211e-05, 0.0186419
4.6241e-05, 0.0184072
4.6271e-05, 0.0181441
4.6301e-05, 0.017852
4.6331e-05, 0.0175305
4.6361e-05, 0.0171792
4.6391e-05, 0.0167981
4.6421e-05, 0.0163874
4.6451e-05, 0.0159476
4.6481e-05, 0.0154791
4.6511e-05, 0.0149829
4.6541e-05, 0.0144599
4.65709e-05, 0.0139115
4.66009e-05, 0.0133392
4.66309e-05, 0.0127448
4.66609e-05, 0.01213
4.66909e-05, 0.0114974
4.67209e-05, 0.0108491
4.67509e-05, 0.0101881
4.67809e-05, 0.00951739
4.68109e-05, 0.00884041
4.68409e-05, 0.00816107
4.68709e-05, 0.00748391
4.69009e-05, 0.00681423
4.69309e-05, 0.0061585
4.69609e-05, 0.00552475
4.69909e-05, 0.00492337
4.70209e-05, 0.0043681
4.70508e-05, 0.00387718
4.70808e-05, 0.00347401
4.71108e-05, 0.00318547
4.71408e-05, 0.0030353
4.71708e-05, 0.00303311
4.72008e-05, 0.00316707
4.72308e-05, 0.00340867
4.72608e-05, 0.0037247
4.72908e-05, 0.00408604
4.73208e-05, 0.0044704
4.73508e-05, 0.00486179
4.73808e-05, 0.00524888
4.74108e-05, 0.00562357
4.74408e-05, 0.00598005
4.74708e-05, 0.00631398
4.75008e-05, 0.0066222
4.75307e-05, 0.00690232
4.75607e-05, 0.00715253
4.75907e-05, 0.00737153
4.76207e-05, 0.0075584
4.76507e-05, 0.00771251
4.76807e-05, 0.00783357
4.77107e-05, 0.00792143
4.77407e-05, 0.00797623
4.77707e-05, 0.00799833
4.78007e-05, 0.00798819
4.78307e-05, 0.00794649
4.78607e-05, 0.00787408
4.78907e-05, 0.00777191
4.79207e-05, 0.00764107
4.79507e-05, 0.00748276
4.79807e-05, 0.0072983
4.80106e-05, 0.00708911
4.80406e-05, 0.00685662
4.80706e-05, 0.00660241
4.81006e-05, 0.00632807
4.81306e-05, 0.00603522
4.81606e-05, 0.00572553
4.81906e-05, 0.00540069
4.82206e-05, 0.00506244
4.82506e-05, 0.00471246
4.82806e-05, 0.00435248
4.83106e-05, 0.00398422
4.83406e-05, 0.00360937
4.83706e-05, 0.00322963
4.84006e-05, 0.00284665
4.84306e-05, 0.00246202
4.84606e-05, 0.00207741
4.84905e-05, 0.00169433
4.85205e-05, 0.00131429
4.85505e-05, 0.000938786
4.85805e-05, 0.000569212
4.86105e-05, 0.000207179
4.86405e-05, 0.000148659
4.86705e-05, 0.000492432
4.87005e-05, 0.000826127
4.87305e-05, 0.00114827
4.87605e-05, 0.00145796
4.87905e-05, 0.00175438
4.88205e-05, 0.00203691
4.88505e-05, 0.00230501
4.88805e-05, 0.00255827
4.89105e-05, 0.00279637
4.89405e-05, 0.00301915
4.89704e-05, 0.00322659
4.90004e-05, 0.00341879
4.90304e-05, 0.003596
4.90604e-05, 0.00375858
4.90904e-05, 0.00390706
4.91204e-05, 0.00404213
4.91504e-05, 0.00416457
4.91804e-05, 0.00427538
4.92104e-05, 0.00437572
4.92404e-05, 0.0044668
4.92704e-05, 0.00455009
4.93004e-05, 0.00462713
4.93304e-05, 0.00469957
4.93604e-05, 0.00476924
4.93904e-05, 0.00483792
4.94204e-05, 0.00490753
4.94503e-05, 0.00497997
4.94803e-05, 0.00505705
4.95103e-05, 0.00514057
4.95403e-05, 0.00523212
4.95703e-05, 0.00533316
4.96003e-05, 0.00544485
4.96303e-05, 0.00556815
4.96603e-05, 0.00570373
4.96903e-05, 0.00585192
4.97203e-05, 0.00601283
4.97503e-05, 0.00618622
4.97803e-05, 0.00637164
4.98103e-05, 0.0065684
4.98403e-05, 0.00677558
4.98703e-05, 0.00699218
4.99003e-05, 0.00721699
4.99302e-05, 0.00744875
4.99602e-05, 0.00768613
4.99902e-05, 0.00792777
5.00202e-05, 0.00817225
5.00502e-05, 0.00841819
5.00802e-05, 0.0086642
5.01102e-05, 0.00890891
5.01402e-05, 0.00915104
5.01702e-05, 0.0093893
5.02002e-05, 0.00962248
5.02302e-05, 0.00984946
5.02602e-05, 0.0100691
5.02902e-05, 0.0102804
5.03202e-05, 0.0104823
5.03502e-05, 0.0106741
5.03802e-05, 0.0108548
5.04101e-05, 0.0110237
5.04401e-05, 0.0111802
5.04701e-05, 0.0113235
5.05001e-05, 0.0114531
5.05301e-05, 0.0115685
5.05601e-05, 0.0116693
5.05901e-05, 0.011755
5.06201e-05, 0.0118255
5.06501e-05, 0.0118803
5.06801e-05, 0.0119194
5.07101e-05, 0.0119426
5.07401e-05, 0.0119498
5.07701e-05, 0.0119409
5.08001e-05, 0.0119162
5.08301e-05, 0.0118757
5.08601e-05, 0.0118195
5.089e-05, 0.011748
5.092e-05, 0.0116613


