

x(m), Y
-9.00747e-06, 0.0143144
-8.97748e-06, 0.0147566
-8.94748e-06, 0.0154042
-8.91749e-06, 0.0162685
-8.88749e-06, 0.0173512
-8.8575e-06, 0.0186441
-8.82751e-06, 0.0201298
-8.79751e-06, 0.0217819
-8.76752e-06, 0.0235669
-8.73753e-06, 0.0254444
-8.70753e-06, 0.0273689
-8.67754e-06, 0.0292908
-8.64754e-06, 0.0311583
-8.61755e-06, 0.0329197
-8.58756e-06, 0.0345252
-8.55756e-06, 0.0359307
-8.52757e-06, 0.0371002
-8.49758e-06, 0.0380097
-8.46758e-06, 0.0386505
-8.43759e-06, 0.0390326
-8.40759e-06, 0.0391879
-8.3776e-06, 0.0391723
-8.34761e-06, 0.0390655
-8.31761e-06, 0.0389685
-8.28762e-06, 0.0389957
-8.25763e-06, 0.0392626
-8.22763e-06, 0.0398675
-8.19764e-06, 0.0408744
-8.16764e-06, 0.0422994
-8.13765e-06, 0.0441078
-8.10766e-06, 0.0462218
-8.07766e-06, 0.0485335
-8.04767e-06, 0.0509214
-8.01768e-06, 0.053263
-7.98768e-06, 0.0554453
-7.95769e-06, 0.0573714
-7.92769e-06, 0.0589651
-7.8977e-06, 0.0601729
-7.86771e-06, 0.0609657
-7.83771e-06, 0.0613394
-7.80772e-06, 0.0613136
-7.77773e-06, 0.0609312
-7.74773e-06, 0.0602555
-7.71774e-06, 0.0593674
-7.68774e-06, 0.0583602
-7.65775e-06, 0.0573341
-7.62776e-06, 0.0563884
-7.59776e-06, 0.0556132
-7.56777e-06, 0.0550808
-7.53778e-06, 0.0548386
-7.50778e-06, 0.0549049
-7.47779e-06, 0.0552687
-7.44779e-06, 0.0558939
-7.4178e-06, 0.0567253
-7.38781e-06, 0.0576965
-7.35781e-06, 0.0587364
-7.32782e-06, 0.0597746
-7.29783e-06, 0.0607445
-7.26783e-06, 0.0615847
-7.23784e-06, 0.0622401
-7.20784e-06, 0.0626613
-7.17785e-06, 0.0628047
-7.14786e-06, 0.0626334
-7.11786e-06, 0.0621168
-7.08787e-06, 0.0612329
-7.05788e-06, 0.0599697
-7.02788e-06, 0.058327
-6.99789e-06, 0.0563195
-6.96789e-06, 0.0539785
-6.9379e-06, 0.0513554
-6.90791e-06, 0.0485233
-6.87791e-06, 0.0455796
-6.84792e-06, 0.0426462
-6.81793e-06, 0.0398672
-6.78793e-06, 0.0374013
-6.75794e-06, 0.0354047
-6.72794e-06, 0.034003
-6.69795e-06, 0.0332583
-6.66796e-06, 0.033145
-6.63796e-06, 0.0335516
-6.60797e-06, 0.034307
-6.57798e-06, 0.0352181
-6.54798e-06, 0.0361008
-6.51799e-06, 0.036798
-6.48799e-06, 0.0371869
-6.458e-06, 0.0371794
-6.42801e-06, 0.0367198
-6.39801e-06, 0.0357812
-6.36802e-06, 0.0343621
-6.33803e-06, 0.0324823
-6.30803e-06, 0.0301802
-6.27804e-06, 0.027509
-6.24804e-06, 0.0245345
-6.21805e-06, 0.0213327
-6.18806e-06, 0.0179897
-6.15806e-06, 0.014605
-6.12807e-06, 0.0113054
-6.09808e-06, 0.00828941
-6.06808e-06, 0.00596451
-6.03809e-06, 0.00511915
-6.00809e-06, 0.00608656
-5.9781e-06, 0.00797452
-5.94811e-06, 0.0100416
-5.91811e-06, 0.0119858
-5.88812e-06, 0.0136827
-5.85813e-06, 0.0150732
-5.82813e-06, 0.0161275
-5.79814e-06, 0.0168323
-5.76814e-06, 0.0171865
-5.73815e-06, 0.0171993
-5.70816e-06, 0.0168914
-5.67816e-06, 0.0162962
-5.64817e-06, 0.0154626
-5.61818e-06, 0.0144598
-5.58818e-06, 0.0133822
-5.55819e-06, 0.0123546
-5.52819e-06, 0.0115299
-5.4982e-06, 0.0110663
-5.46821e-06, 0.0110754
-5.43821e-06, 0.0115657
-5.40822e-06, 0.0124368
-5.37823e-06, 0.0135311
-5.34823e-06, 0.0146883
-5.31824e-06, 0.0157737
-5.28824e-06, 0.0166851
-5.25825e-06, 0.0173524
-5.22826e-06, 0.0177366
-5.19826e-06, 0.0178298
-5.16827e-06, 0.0176575
-5.13828e-06, 0.0172821
-5.10828e-06, 0.016806
-5.07829e-06, 0.01637
-5.04829e-06, 0.0161406
-5.0183e-06, 0.0162769
-4.98831e-06, 0.0168812
-4.95831e-06, 0.0179613
-4.92832e-06, 0.0194326
-4.89833e-06, 0.0211524
-4.86833e-06, 0.0229603
-4.83834e-06, 0.0247033
-4.80834e-06, 0.0262479
-4.77835e-06, 0.0274836
-4.74836e-06, 0.0283247
-4.71836e-06, 0.0287094
-4.68837e-06, 0.0286008
-4.65838e-06, 0.0279864
-4.62838e-06, 0.0268787
-4.59839e-06, 0.025316
-4.56839e-06, 0.0233634
-4.5384e-06, 0.021117
-4.50841e-06, 0.01871
-4.47841e-06, 0.0163262
-4.44842e-06, 0.0142162
-4.41843e-06, 0.012698
-4.38843e-06, 0.0120772
-4.35844e-06, 0.0124563
-4.32845e-06, 0.0136348
-4.29845e-06, 0.0152625
-4.26846e-06, 0.0170265
-4.23846e-06, 0.018708
-4.20847e-06, 0.0201688
-4.17848e-06, 0.0213277
-4.14848e-06, 0.0221439
-4.11849e-06, 0.0226067
-4.0885e-06, 0.0227283
-4.0585e-06, 0.0225392
-4.02851e-06, 0.0220837
-3.99851e-06, 0.0214157
-3.96852e-06, 0.0205953
-3.93853e-06, 0.0196849
-3.90853e-06, 0.0187462
-3.87854e-06, 0.0178376
-3.84855e-06, 0.0170126
-3.81855e-06, 0.0163189
-3.78856e-06, 0.0157994
-3.75856e-06, 0.015492
-3.72857e-06, 0.0154285
-3.69858e-06, 0.0156329
-3.66858e-06, 0.0161167
-3.63859e-06, 0.0168759
-3.6086e-06, 0.0178894
-3.5786e-06, 0.0191206
-3.54861e-06, 0.0205214
-3.51861e-06, 0.0220364
-3.48862e-06, 0.023608
-3.45863e-06, 0.0251798
-3.42863e-06, 0.0266997
-3.39864e-06, 0.0281222
-3.36865e-06, 0.02941
-3.33865e-06, 0.0305347
-3.30866e-06, 0.0314772
-3.27866e-06, 0.032227
-3.24867e-06, 0.0327806
-3.21868e-06, 0.03314
-3.18868e-06, 0.0333094
-3.15869e-06, 0.0332937
-3.1287e-06, 0.0330947
-3.0987e-06, 0.0327102
-3.06871e-06, 0.0321325
-3.03871e-06, 0.0313484
-3.00872e-06, 0.0303408
-2.97873e-06, 0.0290911
-2.94873e-06, 0.0275832
-2.91874e-06, 0.0258074
-2.88875e-06, 0.0237668
-2.85875e-06, 0.021485
-2.82876e-06, 0.0190181
-2.79876e-06, 0.0164761
-2.76877e-06, 0.0140637
-2.73878e-06, 0.0121432
-2.70878e-06, 0.011249
-2.67879e-06, 0.0118218
-2.6488e-06, 0.0137797
-2.6188e-06, 0.0166539
-2.58881e-06, 0.0200012
-2.55881e-06, 0.0235227
-2.52882e-06, 0.0270233
-2.49883e-06, 0.0303674
-2.46883e-06, 0.0334553
-2.43884e-06, 0.0362111
-2.40885e-06, 0.0385769
-2.37885e-06, 0.0405103
-2.34886e-06, 0.0419816
-2.31886e-06, 0.0429726
-2.28887e-06, 0.0434748
-2.25888e-06, 0.0434877
-2.22888e-06, 0.0430171
-2.19889e-06, 0.0420736
-2.1689e-06, 0.040671
-2.1389e-06, 0.038826
-2.10891e-06, 0.0365568
-2.07891e-06, 0.0338843
-2.04892e-06, 0.0308319
-2.01893e-06, 0.0274274
-1.98893e-06, 0.0237046
-1.95894e-06, 0.0197068
-1.92895e-06, 0.0154934
-1.89895e-06, 0.0111585
-1.86896e-06, 0.00691858
-1.83896e-06, 0.00376716
-1.80897e-06, 0.00500231
-1.77898e-06, 0.00888553
-1.74898e-06, 0.0130932
-1.71899e-06, 0.0171714
-1.689e-06, 0.0209513
-1.659e-06, 0.0243201
-1.62901e-06, 0.0271869
-1.59901e-06, 0.0294753
-1.56902e-06, 0.031124
-1.53903e-06, 0.0320879
-1.50903e-06, 0.0323406
-1.47904e-06, 0.0318768
-1.44905e-06, 0.0307148
-1.41905e-06, 0.0289004
-1.38906e-06, 0.0265134
-1.35906e-06, 0.0236791
-1.32907e-06, 0.0205937
-1.29908e-06, 0.0175745
-1.26908e-06, 0.0151415
-1.23909e-06, 0.014029
-1.2091e-06, 0.0148037
-1.1791e-06, 0.0173015
-1.14911e-06, 0.0208712
-1.11911e-06, 0.0249292
-1.08912e-06, 0.0290914
-1.05913e-06, 0.0331109
-1.02913e-06, 0.0368196
-9.99139e-07, 0.0400968
-9.69145e-07, 0.0428538
-9.39152e-07, 0.045027
-9.09158e-07, 0.0465732
-8.79164e-07, 0.0474683
-8.4917e-07, 0.0477057
-8.19177e-07, 0.0472964
-7.89183e-07, 0.0462692
-7.59189e-07, 0.0446727
-7.29195e-07, 0.0425784
-6.99202e-07, 0.0400868
-6.69208e-07, 0.0373375
-6.39214e-07, 0.0345227
-6.0922e-07, 0.0319047
-5.79227e-07, 0.029824
-5.49233e-07, 0.0286713
-5.19239e-07, 0.0287875
-4.89245e-07, 0.0303209
-4.59252e-07, 0.0331651
-4.29258e-07, 0.037041
-3.99264e-07, 0.0416259
-3.6927e-07, 0.046631
-3.39277e-07, 0.0518216
-3.09283e-07, 0.0570128
-2.79289e-07, 0.0620582
-2.49295e-07, 0.0668431
-2.19302e-07, 0.0712775
-1.89308e-07, 0.0752938
-1.59314e-07, 0.0788444
-1.2932e-07, 0.0819012
-9.93266e-08, 0.0844543
-6.93329e-08, 0.0865119
-3.93392e-08, 0.0880992
-9.3454e-09, 0.0892577
2.06483e-08, 0.0900436
5.06421e-08, 0.0905267
8.06358e-08, 0.0907873
1.1063e-07, 0.0909144
1.40623e-07, 0.0910017
1.70617e-07, 0.0911434
2.00611e-07, 0.0914297
2.30605e-07, 0.0919412
2.60598e-07, 0.0927436
2.90592e-07, 0.0938829
3.20586e-07, 0.0953818
3.5058e-07, 0.0972379
3.80573e-07, 0.0994235
4.10567e-07, 0.101888
4.40561e-07, 0.104563
4.70555e-07, 0.107361
5.00548e-07, 0.110187
5.30542e-07, 0.112941
5.60536e-07, 0.115518
5.9053e-07, 0.11782
6.20523e-07, 0.11975
6.50517e-07, 0.121223
6.80511e-07, 0.122163
7.10505e-07, 0.122507
7.40498e-07, 0.122207
7.70492e-07, 0.121228
8.00486e-07, 0.119552
8.3048e-07, 0.117177
8.60473e-07, 0.114115
8.90467e-07, 0.110396
9.20461e-07, 0.106061
9.50455e-07, 0.101167
9.80448e-07, 0.0957871
1.01044e-06, 0.0900084
1.04044e-06, 0.0839371
1.07043e-06, 0.077703
1.10042e-06, 0.0714666
1.13042e-06, 0.0654314
1.16041e-06, 0.059857
1.1904e-06, 0.0550695
1.2204e-06, 0.051453
1.25039e-06, 0.049396
1.28039e-06, 0.0491827
1.31038e-06, 0.0508764
1.34037e-06, 0.0542923
1.37037e-06, 0.0590837
1.40036e-06, 0.0648618
1.43035e-06, 0.0712732
1.46035e-06, 0.0780256
1.49034e-06, 0.0848846
1.52034e-06, 0.091663
1.55033e-06, 0.0982096
1.58032e-06, 0.104401
1.61032e-06, 0.110138
1.64031e-06, 0.115338
1.6703e-06, 0.119939
1.7003e-06, 0.123891
1.73029e-06, 0.127163
1.76029e-06, 0.129735
1.79028e-06, 0.131605
1.82027e-06, 0.13278
1.85027e-06, 0.13328
1.88026e-06, 0.133137
1.91025e-06, 0.132394
1.94025e-06, 0.1311
1.97024e-06, 0.129315
2.00024e-06, 0.127104
2.03023e-06, 0.12454
2.06022e-06, 0.1217
2.09022e-06, 0.118664
2.12021e-06, 0.115514
2.1502e-06, 0.112335
2.1802e-06, 0.109207
2.21019e-06, 0.106208
2.24019e-06, 0.103407
2.27018e-06, 0.100864
2.30017e-06, 0.0986242
2.33017e-06, 0.0967158
2.36016e-06, 0.0951503
2.39015e-06, 0.0939215
2.42015e-06, 0.0930073
2.45014e-06, 0.0923728
2.48014e-06, 0.0919752
2.51013e-06, 0.0917683
2.54012e-06, 0.0917072
2.57012e-06, 0.0917526
2.60011e-06, 0.0918739
2.6301e-06, 0.0920507
2.6601e-06, 0.0922744
2.69009e-06, 0.0925477
2.72009e-06, 0.0928833
2.75008e-06, 0.0933024
2.78007e-06, 0.093832
2.81007e-06, 0.0945017
2.84006e-06, 0.0953407
2.87005e-06, 0.0963742
2.90005e-06, 0.0976201
2.93004e-06, 0.0990866
2.96004e-06, 0.10077
2.99003e-06, 0.102653
3.02002e-06, 0.104704
3.05002e-06, 0.106881
3.08001e-06, 0.109128
3.11e-06, 0.11138
3.14e-06, 0.113565
3.16999e-06, 0.115605
3.19999e-06, 0.117423
3.22998e-06, 0.11894
3.25997e-06, 0.120081
3.28997e-06, 0.120778
3.31996e-06, 0.120971
3.34995e-06, 0.120611
3.37995e-06, 0.119662
3.40994e-06, 0.1181
3.43994e-06, 0.115918
3.46993e-06, 0.113128
3.49992e-06, 0.109757
3.52992e-06, 0.105854
3.55991e-06, 0.101488
3.5899e-06, 0.0967507
3.6199e-06, 0.0917611
3.64989e-06, 0.0866663
3.67989e-06, 0.0816466
3.70988e-06, 0.0769179
3.73987e-06, 0.0727301
3.76987e-06, 0.069356
3.79986e-06, 0.0670648
3.82985e-06, 0.0660782
3.85985e-06, 0.0665194
3.88984e-06, 0.0683809
3.91984e-06, 0.0715286
3.94983e-06, 0.0757404
3.97982e-06, 0.0807554
4.00982e-06, 0.0863127
4.03981e-06, 0.0921729
4.0698e-06, 0.0981263
4.0998e-06, 0.103992
4.12979e-06, 0.109617
4.15979e-06, 0.11487
4.18978e-06, 0.11964
4.21977e-06, 0.123835
4.24977e-06, 0.127378
4.27976e-06, 0.130208
4.30975e-06, 0.132281
4.33975e-06, 0.133565
4.36974e-06, 0.134044
4.39974e-06, 0.133716
4.42973e-06, 0.132592
4.45972e-06, 0.130698
4.48972e-06, 0.128072
4.51971e-06, 0.124767
4.5497e-06, 0.120846
4.5797e-06, 0.11639
4.60969e-06, 0.111492
4.63969e-06, 0.106261
4.66968e-06, 0.100824
4.69967e-06, 0.0953296
4.72967e-06, 0.0899475
4.75966e-06, 0.0848706
4.78965e-06, 0.0803116
4.81965e-06, 0.0764927
4.84964e-06, 0.0736249
4.87964e-06, 0.0718774
4.90963e-06, 0.0713431
4.93962e-06, 0.0720142
4.96962e-06, 0.0737817
4.99961e-06, 0.0764583
5.0296e-06, 0.0798143
5.0596e-06, 0.0836118
5.08959e-06, 0.0876279
5.11959e-06, 0.0916675
5.14958e-06, 0.095567
5.17957e-06, 0.0991945
5.20957e-06, 0.102447
5.23956e-06, 0.105249
5.26955e-06, 0.107548
5.29955e-06, 0.10931
5.32954e-06, 0.110522
5.35954e-06, 0.111187
5.38953e-06, 0.111321
5.41952e-06, 0.110952
5.44952e-06, 0.11012
5.47951e-06, 0.108876
5.5095e-06, 0.107278
5.5395e-06, 0.105394
5.56949e-06, 0.103298
5.59949e-06, 0.101072
5.62948e-06, 0.0988049
5.65947e-06, 0.0965887
5.68947e-06, 0.0945181
5.71946e-06, 0.0926852
5.74945e-06, 0.0911754
5.77945e-06, 0.0900607
5.80944e-06, 0.0893932
5.83944e-06, 0.0892003
5.86943e-06, 0.0894808
5.89942e-06, 0.0902049
5.92942e-06, 0.0913177
5.95941e-06, 0.0927441
5.9894e-06, 0.094397
6.0194e-06, 0.0961838
6.04939e-06, 0.0980137
6.07939e-06, 0.0998031
6.10938e-06, 0.101479
6.13937e-06, 0.102984
6.16937e-06, 0.104273
6.19936e-06, 0.105319
6.22935e-06, 0.10611
6.25935e-06, 0.106647
6.28934e-06, 0.106946
6.31934e-06, 0.107035
6.34933e-06, 0.10695
6.37932e-06, 0.106735
6.40932e-06, 0.106436
6.43931e-06, 0.106104
6.4693e-06, 0.105786
6.4993e-06, 0.105526
6.52929e-06, 0.105358
6.55929e-06, 0.105308
6.58928e-06, 0.105391
6.61927e-06, 0.105607
6.64927e-06, 0.105943
6.67926e-06, 0.106373
6.70925e-06, 0.10686
6.73925e-06, 0.107357
6.76924e-06, 0.107813
6.79924e-06, 0.108172
6.82923e-06, 0.108377
6.85922e-06, 0.108376
6.88922e-06, 0.108122
6.91921e-06, 0.107576
6.9492e-06, 0.106711
6.9792e-06, 0.105513
7.00919e-06, 0.103982
7.03919e-06, 0.102134
7.06918e-06, 0.100004
7.09917e-06, 0.0976451
7.12917e-06, 0.0951284
7.15916e-06, 0.0925461
7.18915e-06, 0.0900087
7.21915e-06, 0.0876427
7.24914e-06, 0.0855865
7.27914e-06, 0.0839813
7.30913e-06, 0.0829604
7.33912e-06, 0.0826343
7.36912e-06, 0.0830769
7.39911e-06, 0.0843142
7.4291e-06, 0.0863203
7.4591e-06, 0.0890215
7.48909e-06, 0.0923057
7.51909e-06, 0.0960353
7.54908e-06, 0.10006
7.57907e-06, 0.104225
7.60907e-06, 0.108381
7.63906e-06, 0.112387
7.66905e-06, 0.116115
7.69905e-06, 0.119447
7.72904e-06, 0.122282
7.75904e-06, 0.124536
7.78903e-06, 0.126136
7.81902e-06, 0.127031
7.84902e-06, 0.127182
7.87901e-06, 0.126568
7.909e-06, 0.125186
7.939e-06, 0.123045
7.96899e-06, 0.120174
7.99899e-06, 0.116615
8.02898e-06, 0.112423
8.05897e-06, 0.107672
8.08897e-06, 0.102446
8.11896e-06, 0.0968511
8.14895e-06, 0.0910093
8.17895e-06, 0.0850683
8.20894e-06, 0.0792059
8.23894e-06, 0.0736372
8.26893e-06, 0.0686206
8.29892e-06, 0.064454
8.32892e-06, 0.0614535
8.35891e-06, 0.059902
8.3889e-06, 0.0599781
8.4189e-06, 0.0616958
8.44889e-06, 0.0649003
8.47889e-06, 0.0693201
8.50888e-06, 0.0746379
8.53887e-06, 0.0805445
8.56887e-06, 0.086765
8.59886e-06, 0.0930649
8.62885e-06, 0.0992475
8.65885e-06, 0.105148
8.68884e-06, 0.11063
8.71884e-06, 0.115578
8.74883e-06, 0.1199
8.77882e-06, 0.123523
8.80882e-06, 0.126391
8.83881e-06, 0.128465
8.8688e-06, 0.129726
8.8988e-06, 0.130169
8.92879e-06, 0.129806
8.95879e-06, 0.128663
8.98878e-06, 0.126781
9.01877e-06, 0.124216
9.04877e-06, 0.121034
9.07876e-06, 0.117316
9.10875e-06, 0.113156
9.13875e-06, 0.108656
9.16874e-06, 0.103935
9.19874e-06, 0.0991226
9.22873e-06, 0.0943602
9.25872e-06, 0.0898014
9.28872e-06, 0.0856078
9.31871e-06, 0.0819425
9.3487e-06, 0.0789593
9.3787e-06, 0.0767876
9.40869e-06, 0.0755142
9.43868e-06, 0.0751695
9.46868e-06, 0.0757205
9.49867e-06, 0.0770766
9.52867e-06, 0.0791047
9.55866e-06, 0.0816489
9.58865e-06, 0.0845487
9.61865e-06, 0.087653
9.64864e-06, 0.0908278
9.67863e-06, 0.0939601
9.70863e-06, 0.0969589
9.73862e-06, 0.0997542
9.76862e-06, 0.102296
9.79861e-06, 0.10455
9.8286e-06, 0.106501
9.8586e-06, 0.108143
9.88859e-06, 0.109485
9.91858e-06, 0.110544
9.94858e-06, 0.111344
9.97857e-06, 0.111916
1.00086e-05, 0.112295
1.00386e-05, 0.112515
1.00686e-05, 0.112613
1.00985e-05, 0.112621
1.01285e-05, 0.112567
1.01585e-05, 0.112473
1.01885e-05, 0.112353
1.02185e-05, 0.112214
1.02485e-05, 0.11205
1.02785e-05, 0.111851
1.03085e-05, 0.111596
1.03385e-05, 0.11126
1.03685e-05, 0.110812
1.03985e-05, 0.110221
1.04285e-05, 0.109455
1.04585e-05, 0.108487
1.04885e-05, 0.107296
1.05185e-05, 0.105869
1.05485e-05, 0.104204
1.05784e-05, 0.102311
1.06084e-05, 0.100214
1.06384e-05, 0.09795
1.06684e-05, 0.0955737
1.06984e-05, 0.0931532
1.07284e-05, 0.0907712
1.07584e-05, 0.0885225
1.07884e-05, 0.0865109
1.08184e-05, 0.0848436
1.08484e-05, 0.0836241
1.08784e-05, 0.0829433
1.09084e-05, 0.0828704
1.09384e-05, 0.0834443
1.09684e-05, 0.0846693
1.09984e-05, 0.0865139
1.10284e-05, 0.0889147
1.10583e-05, 0.0917835
1.10883e-05, 0.0950147
1.11183e-05, 0.0984937
1.11483e-05, 0.102102
1.11783e-05, 0.105724
1.12083e-05, 0.109247
1.12383e-05, 0.112567
1.12683e-05, 0.115588
1.12983e-05, 0.118223
1.13283e-05, 0.120396
1.13583e-05, 0.122042
1.13883e-05, 0.12311
1.14183e-05, 0.123559
1.14483e-05, 0.123362
1.14783e-05, 0.122508
1.15083e-05, 0.120999
1.15382e-05, 0.118852
1.15682e-05, 0.116101
1.15982e-05, 0.112794
1.16282e-05, 0.109
1.16582e-05, 0.104804
1.16882e-05, 0.100312
1.17182e-05, 0.0956515
1.17482e-05, 0.0909735
1.17782e-05, 0.0864533
1.18082e-05, 0.0822881
1.18382e-05, 0.0786899
1.18682e-05, 0.0758705
1.18982e-05, 0.0740171
1.19282e-05, 0.0732619
1.19582e-05, 0.0736546
1.19882e-05, 0.0751504
1.20181e-05, 0.0776195
1.20481e-05, 0.0808734
1.20781e-05, 0.0846958
1.21081e-05, 0.0888692
1.21381e-05, 0.0931912
1.21681e-05, 0.0974828
1.21981e-05, 0.101592
1.22281e-05, 0.105391
1.22581e-05, 0.108779
1.22881e-05, 0.111676
1.23181e-05, 0.114022
1.23481e-05, 0.115778
1.23781e-05, 0.116921
1.24081e-05, 0.117442
1.24381e-05, 0.117351
1.24681e-05, 0.116668
1.2498e-05, 0.115428
1.2528e-05, 0.113676
1.2558e-05, 0.111473
1.2588e-05, 0.108887
1.2618e-05, 0.106
1.2648e-05, 0.102906
1.2678e-05, 0.0997104
1.2708e-05, 0.0965289
1.2738e-05, 0.0934865
1.2768e-05, 0.0907132
1.2798e-05, 0.0883373
1.2828e-05, 0.0864772
1.2858e-05, 0.0852286
1.2888e-05, 0.0846541
1.2918e-05, 0.0847728
1.2948e-05, 0.0855571
1.29779e-05, 0.0869354
1.30079e-05, 0.0888002
1.30379e-05, 0.0910212
1.30679e-05, 0.0934571
1.30979e-05, 0.0959669
1.31279e-05, 0.0984185
1.31579e-05, 0.100694
1.31879e-05, 0.102693
1.32179e-05, 0.104336
1.32479e-05, 0.105561
1.32779e-05, 0.106331
1.33079e-05, 0.106625
1.33379e-05, 0.106443
1.33679e-05, 0.105803
1.33979e-05, 0.104741
1.34279e-05, 0.103307
1.34578e-05, 0.101566
1.34878e-05, 0.0995973
1.35178e-05, 0.0974891
1.35478e-05, 0.0953387
1.35778e-05, 0.0932483
1.36078e-05, 0.0913215
1.36378e-05, 0.0896575
1.36678e-05, 0.0883458
1.36978e-05, 0.0874591
1.37278e-05, 0.0870469
1.37578e-05, 0.087131
1.37878e-05, 0.0877034
1.38178e-05, 0.0887267
1.38478e-05, 0.0901383
1.38778e-05, 0.091856
1.39078e-05, 0.0937853
1.39377e-05, 0.0958257
1.39677e-05, 0.0978768
1.39977e-05, 0.0998427
1.40277e-05, 0.101636
1.40577e-05, 0.10318
1.40877e-05, 0.10441
1.41177e-05, 0.105277
1.41477e-05, 0.105744
1.41777e-05, 0.10579
1.42077e-05, 0.10541
1.42377e-05, 0.104613
1.42677e-05, 0.103424
1.42977e-05, 0.101884
1.43277e-05, 0.100047
1.43577e-05, 0.0979821
1.43877e-05, 0.0957707
1.44176e-05, 0.0935066
1.44476e-05, 0.0912921
1.44776e-05, 0.0892348
1.45076e-05, 0.0874425
1.45376e-05, 0.0860159
1.45676e-05, 0.0850407
1.45976e-05, 0.0845794
1.46276e-05, 0.084664
1.46576e-05, 0.0852927
1.46876e-05, 0.0864294
1.47176e-05, 0.088008
1.47476e-05, 0.0899399
1.47776e-05, 0.0921216
1.48076e-05, 0.0944435
1.48376e-05, 0.0967965
1.48676e-05, 0.0990778
1.48975e-05, 0.101194
1.49275e-05, 0.103064
1.49575e-05, 0.104621
1.49875e-05, 0.105812
1.50175e-05, 0.106601
1.50475e-05, 0.106964
1.50775e-05, 0.106894
1.51075e-05, 0.106399
1.51375e-05, 0.105501
1.51675e-05, 0.104236
1.51975e-05, 0.102654
1.52275e-05, 0.100815
1.52575e-05, 0.0987941
1.52875e-05, 0.0966757
1.53175e-05, 0.0945526
1.53475e-05, 0.0925236
1.53774e-05, 0.0906893
1.54074e-05, 0.0891466
1.54374e-05, 0.0879827
1.54674e-05, 0.0872672
1.54974e-05, 0.0870458
1.55274e-05, 0.087335
1.55574e-05, 0.0881198
1.55874e-05, 0.0893554
1.56174e-05, 0.0909709
1.56474e-05, 0.0928768
1.56774e-05, 0.094972
1.57074e-05, 0.0971505
1.57374e-05, 0.0993084
1.57674e-05, 0.101348
1.57974e-05, 0.10318
1.58274e-05, 0.10473
1.58573e-05, 0.105934
1.58873e-05, 0.106747
1.59173e-05, 0.107135
1.59473e-05, 0.107083
1.59773e-05, 0.10659
1.60073e-05, 0.105672
1.60373e-05, 0.104358
1.60673e-05, 0.102695
1.60973e-05, 0.100741
1.61273e-05, 0.098571
1.61573e-05, 0.0962692
1.61873e-05, 0.0939321
1.62173e-05, 0.0916639
1.62473e-05, 0.0895725
1.62773e-05, 0.0877652
1.63073e-05, 0.0863408
1.63372e-05, 0.0853826
1.63672e-05, 0.0849499
1.63972e-05, 0.0850721
1.64272e-05, 0.0857446
1.64572e-05, 0.0869297
1.64872e-05, 0.0885608
1.65172e-05, 0.090549
1.65472e-05, 0.0927914
1.65772e-05, 0.0951783
1.66072e-05, 0.0976007
1.66372e-05, 0.0999543
1.66672e-05, 0.102144
1.66972e-05, 0.104085
1.67272e-05, 0.105705
1.67572e-05, 0.106947
1.67872e-05, 0.107767
1.68171e-05, 0.108134
1.68471e-05, 0.108035
1.68771e-05, 0.107469
1.69071e-05, 0.106451
1.69371e-05, 0.105011
1.69671e-05, 0.103194
1.69971e-05, 0.10106
1.70271e-05, 0.0986836
1.70571e-05, 0.0961529
1.70871e-05, 0.0935695
1.71171e-05, 0.0910455
1.71471e-05, 0.0886997
1.71771e-05, 0.0866516
1.72071e-05, 0.0850136
1.72371e-05, 0.0838811
1.72671e-05, 0.0833228
1.7297e-05, 0.0833713
1.7327e-05, 0.0840193
1.7357e-05, 0.0852198
1.7387e-05, 0.0868919
1.7417e-05, 0.0889301
1.7447e-05, 0.0912148
1.7477e-05, 0.0936219
1.7507e-05, 0.0960307
1.7537e-05, 0.0983291
1.7567e-05, 0.100418
1.7597e-05, 0.102213
1.7627e-05, 0.103645
1.7657e-05, 0.104662
1.7687e-05, 0.105227
1.7717e-05, 0.105321
1.7747e-05, 0.104936
1.77769e-05, 0.104085
1.78069e-05, 0.102789
1.78369e-05, 0.101087
1.78669e-05, 0.0990291
1.78969e-05, 0.0966795
1.79269e-05, 0.0941144
1.79569e-05, 0.091422
1.79869e-05, 0.0887019
1.80169e-05, 0.086063
1.80469e-05, 0.0836203
1.80769e-05, 0.0814905
1.81069e-05, 0.0797844
1.81369e-05, 0.0785976
1.81669e-05, 0.0780009
1.81969e-05, 0.0780307
1.82269e-05, 0.0786839
1.82568e-05, 0.0799178
1.82868e-05, 0.0816549
1.83168e-05, 0.0837922
1.83468e-05, 0.0862113
1.83768e-05, 0.0887882
1.84068e-05, 0.0914011
1.84368e-05, 0.0939364
1.84668e-05, 0.0962921
1.84968e-05, 0.0983801
1.85268e-05, 0.100128
1.85568e-05, 0.101478
1.85868e-05, 0.102389
1.86168e-05, 0.102836
1.86468e-05, 0.102809
1.86768e-05, 0.102311
1.87068e-05, 0.101362
1.87367e-05, 0.0999937
1.87667e-05, 0.0982518
1.87967e-05, 0.0961942
1.88267e-05, 0.0938903
1.88567e-05, 0.0914207
1.88867e-05, 0.0888762
1.89167e-05, 0.0863556
1.89467e-05, 0.0839639
1.89767e-05, 0.0818079
1.90067e-05, 0.079991
1.90367e-05, 0.0786062
1.90667e-05, 0.0777275
1.90967e-05, 0.0774025
1.91267e-05, 0.0776465
1.91567e-05, 0.0784402
1.91867e-05, 0.0797323
1.92166e-05, 0.081445
1.92466e-05, 0.0834825
1.92766e-05, 0.0857395
1.93066e-05, 0.0881089
1.93366e-05, 0.0904877
1.93666e-05, 0.0927816
1.93966e-05, 0.0949076
1.94266e-05, 0.0967958
1.94566e-05, 0.0983908
1.94866e-05, 0.0996514
1.95166e-05, 0.100551
1.95466e-05, 0.101079
1.95766e-05, 0.101237
1.96066e-05, 0.101042
1.96366e-05, 0.100523
1.96666e-05, 0.0997216
1.96965e-05, 0.0986901
1.97265e-05, 0.0974906
1.97565e-05, 0.0961924
1.97865e-05, 0.0948696
1.98165e-05, 0.093598
1.98465e-05, 0.0924513
1.98765e-05, 0.0914964
1.99065e-05, 0.0907891
1.99365e-05, 0.0903697
1.99665e-05, 0.0902597
1.99965e-05, 0.0904594
2.00265e-05, 0.0909483
2.00565e-05, 0.0916868
2.00865e-05, 0.0926195
2.01165e-05, 0.0936797
2.01465e-05, 0.0947943
2.01764e-05, 0.0958885
2.02064e-05, 0.0968903
2.02364e-05, 0.0977337
2.02664e-05, 0.0983619
2.02964e-05, 0.0987291
2.03264e-05, 0.0988026
2.03564e-05, 0.0985637
2.03864e-05, 0.0980082
2.04164e-05, 0.0971474
2.04464e-05, 0.0960081
2.04764e-05, 0.0946322
2.05064e-05, 0.0930767
2.05364e-05, 0.0914124
2.05664e-05, 0.0897223
2.05964e-05, 0.088099
2.06264e-05, 0.086641
2.06563e-05, 0.0854469
2.06863e-05, 0.0846088
2.07163e-05, 0.0842042
2.07463e-05, 0.0842887
2.07763e-05, 0.0848895
2.08063e-05, 0.0860021
2.08363e-05, 0.0875902
2.08663e-05, 0.0895899
2.08963e-05, 0.0919152
2.09263e-05, 0.0944654
2.09563e-05, 0.0971317
2.09863e-05, 0.0998038
2.10163e-05, 0.102374
2.10463e-05, 0.10474
2.10763e-05, 0.10681
2.11063e-05, 0.108501
2.11362e-05, 0.109744
2.11662e-05, 0.110481
2.11962e-05, 0.110669
2.12262e-05, 0.11028
2.12562e-05, 0.109297
2.12862e-05, 0.107723
2.13162e-05, 0.105574
2.13462e-05, 0.102882
2.13762e-05, 0.099698
2.14062e-05, 0.0960873
2.14362e-05, 0.0921358
2.14662e-05, 0.0879484
2.14962e-05, 0.0836509
2.15262e-05, 0.0793913
2.15562e-05, 0.0753395
2.15862e-05, 0.071684
2.16161e-05, 0.0686231
2.16461e-05, 0.0663478
2.16761e-05, 0.065017
2.17061e-05, 0.0647284
2.17361e-05, 0.065498
2.17661e-05, 0.067256
2.17961e-05, 0.0698634
2.18261e-05, 0.0731398
2.18561e-05, 0.0768907
2.18861e-05, 0.080928
2.19161e-05, 0.0850805
2.19461e-05, 0.089199
2.19761e-05, 0.0931558
2.20061e-05, 0.0968438
2.20361e-05, 0.100173
2.20661e-05, 0.103072
2.2096e-05, 0.105479
2.2126e-05, 0.10735
2.2156e-05, 0.10865
2.2186e-05, 0.109356
2.2216e-05, 0.109457
2.2246e-05, 0.10895
2.2276e-05, 0.107846
2.2306e-05, 0.106165
2.2336e-05, 0.10394
2.2366e-05, 0.101214
2.2396e-05, 0.0980449
2.2426e-05, 0.0945051
2.2456e-05, 0.0906822
2.2486e-05, 0.0866814
2.2516e-05, 0.0826261
2.2546e-05, 0.0786589
2.25759e-05, 0.0749393
2.26059e-05, 0.0716389
2.26359e-05, 0.0689301
2.26659e-05, 0.0669683
2.26959e-05, 0.0658696
2.27259e-05, 0.0656889
2.27559e-05, 0.0664077
2.27859e-05, 0.067937
2.28159e-05, 0.0701347
2.28459e-05, 0.0728298
2.28759e-05, 0.0758449
2.29059e-05, 0.0790128
2.29359e-05, 0.0821855
2.29659e-05, 0.0852383
2.29959e-05, 0.0880708
2.30259e-05, 0.0906051
2.30558e-05, 0.0927846
2.30858e-05, 0.0945709
2.31158e-05, 0.0959428
2.31458e-05, 0.0968933
2.31758e-05, 0.0974282
2.32058e-05, 0.097564
2.32358e-05, 0.0973268
2.32658e-05, 0.0967505
2.32958e-05, 0.0958756
2.33258e-05, 0.0947478
2.33558e-05, 0.0934177
2.33858e-05, 0.0919388
2.34158e-05, 0.0903672
2.34458e-05, 0.08876
2.34758e-05, 0.0871741
2.35058e-05, 0.0856641
2.35357e-05, 0.0842806
2.35657e-05, 0.0830676
2.35957e-05, 0.0820599
2.36257e-05, 0.0812816
2.36557e-05, 0.0807436
2.36857e-05, 0.0804432
2.37157e-05, 0.0803646
2.37457e-05, 0.0804802
2.37757e-05, 0.0807532
2.38057e-05, 0.0811408
2.38357e-05, 0.0815976
2.38657e-05, 0.0820794
2.38957e-05, 0.0825461
2.39257e-05, 0.0829645
2.39557e-05, 0.0833099
2.39857e-05, 0.0835676
2.40156e-05, 0.083734
2.40456e-05, 0.0838155
2.40756e-05, 0.0838287
2.41056e-05, 0.083799
2.41356e-05, 0.0837582
2.41656e-05, 0.0837425
2.41956e-05, 0.083789
2.42256e-05, 0.0839331
2.42556e-05, 0.084205
2.42856e-05, 0.0846264
2.43156e-05, 0.0852082
2.43456e-05, 0.0859491
2.43756e-05, 0.0868354
2.44056e-05, 0.0878407
2.44356e-05, 0.0889283
2.44656e-05, 0.090053
2.44955e-05, 0.0911637
2.45255e-05, 0.0922064
2.45555e-05, 0.0931269
2.45855e-05, 0.0938728
2.46155e-05, 0.0943961
2.46455e-05, 0.0946545
2.46755e-05, 0.0946133
2.47055e-05, 0.0942462
2.47355e-05, 0.0935361
2.47655e-05, 0.0924761
2.47955e-05, 0.0910702
2.48255e-05, 0.089333
2.48555e-05, 0.0872914
2.48855e-05, 0.0849844
2.49155e-05, 0.0824639
2.49455e-05, 0.0797958
2.49754e-05, 0.0770605
2.50054e-05, 0.0743531
2.50354e-05, 0.0717832
2.50654e-05, 0.0694724
2.50954e-05, 0.0675493
2.51254e-05, 0.066141
2.51554e-05, 0.0653598
2.51854e-05, 0.0652894
2.52154e-05, 0.0659712
2.52454e-05, 0.0673968
2.52754e-05, 0.0695098
2.53054e-05, 0.0722138
2.53354e-05, 0.0753854
2.53654e-05, 0.0788874
2.53954e-05, 0.0825791
2.54254e-05, 0.0863237
2.54553e-05, 0.0899927
2.54853e-05, 0.0934684
2.55153e-05, 0.0966452
2.55453e-05, 0.0994305
2.55753e-05, 0.101745
2.56053e-05, 0.103524
2.56353e-05, 0.104715
2.56653e-05, 0.105283
2.56953e-05, 0.105206
2.57253e-05, 0.104477
2.57553e-05, 0.103108
2.57853e-05, 0.101123
2.58153e-05, 0.0985619
2.58453e-05, 0.0954834
2.58753e-05, 0.0919599
2.59053e-05, 0.0880813
2.59352e-05, 0.0839542
2.59652e-05, 0.0797031
2.59952e-05, 0.0754704
2.60252e-05, 0.0714163
2.60552e-05, 0.0677153
2.60852e-05, 0.0645491
2.61152e-05, 0.0620927
2.61452e-05, 0.0604927
2.61752e-05, 0.0598431
2.62052e-05, 0.0601661
2.62352e-05, 0.0614064
2.62652e-05, 0.0634447
2.62952e-05, 0.0661216
2.63252e-05, 0.0692628
2.63552e-05, 0.0726984
2.63852e-05, 0.0762735
2.64151e-05, 0.0798532
2.64451e-05, 0.0833218
2.64751e-05, 0.086582
2.65051e-05, 0.0895527
2.65351e-05, 0.0921666
2.65651e-05, 0.0943691
2.65951e-05, 0.0961171
2.66251e-05, 0.0973781
2.66551e-05, 0.0981306
2.66851e-05, 0.0983634
2.67151e-05, 0.0980767
2.67451e-05, 0.0972819
2.67751e-05, 0.0960026
2.68051e-05, 0.0942751
2.68351e-05, 0.092149
2.68651e-05, 0.089688
2.6895e-05, 0.0869702
2.6925e-05, 0.0840884
2.6955e-05, 0.0811488
2.6985e-05, 0.0782699
2.7015e-05, 0.0755784
2.7045e-05, 0.0732027
2.7075e-05, 0.0712639
2.7105e-05, 0.0698643
2.7135e-05, 0.0690743
2.7165e-05, 0.0689228
2.7195e-05, 0.0693924
2.7225e-05, 0.0704228
2.7255e-05, 0.0719197
2.7285e-05, 0.0737682
2.7315e-05, 0.0758454
2.7345e-05, 0.0780315
2.73749e-05, 0.0802169
2.74049e-05, 0.0823063
2.74349e-05, 0.0842211
2.74649e-05, 0.0858992
2.74949e-05, 0.0872949
2.75249e-05, 0.0883775
2.75549e-05, 0.08913
2.75849e-05, 0.0895479
2.76149e-05, 0.0896381
2.76449e-05, 0.089417
2.76749e-05, 0.0889102
2.77049e-05, 0.0881509
2.77349e-05, 0.0871793
2.77649e-05, 0.0860415
2.77949e-05, 0.0847886
2.78249e-05, 0.0834757
2.78548e-05, 0.0821597
2.78848e-05, 0.0808983
2.79148e-05, 0.0797468
2.79448e-05, 0.0787554
2.79748e-05, 0.0779663
2.80048e-05, 0.0774101
2.80348e-05, 0.0771034
2.80648e-05, 0.0770471
2.80948e-05, 0.0772259
2.81248e-05, 0.0776091
2.81548e-05, 0.0781537
2.81848e-05, 0.0788071
2.82148e-05, 0.0795116
2.82448e-05, 0.0802077
2.82748e-05, 0.0808387
2.83048e-05, 0.081353
2.83347e-05, 0.0817075
2.83647e-05, 0.0818687
2.83947e-05, 0.081815
2.84247e-05, 0.0815369
2.84547e-05, 0.0810377
2.84847e-05, 0.0803333
2.85147e-05, 0.0794519
2.85447e-05, 0.0784329
2.85747e-05, 0.0773257
2.86047e-05, 0.0761873
2.86347e-05, 0.0750799
2.86647e-05, 0.0740675
2.86947e-05, 0.0732114
2.87247e-05, 0.0725663
2.87547e-05, 0.0721752
2.87847e-05, 0.0720663
2.88146e-05, 0.0722493
2.88446e-05, 0.0727157
2.88746e-05, 0.0734384
2.89046e-05, 0.0743751
2.89346e-05, 0.0754717
2.89646e-05, 0.0766664
2.89946e-05, 0.0778938
2.90246e-05, 0.0790883
2.90546e-05, 0.0801875
2.90846e-05, 0.0811337
2.91146e-05, 0.0818762
2.91446e-05, 0.0823719
2.91746e-05, 0.0825865
2.92046e-05, 0.0824946
2.92346e-05, 0.0820805
2.92646e-05, 0.0813383
2.92945e-05, 0.0802726
2.93245e-05, 0.0788984
2.93545e-05, 0.0772426
2.93845e-05, 0.0753436
2.94145e-05, 0.0732531
2.94445e-05, 0.0710366
2.94745e-05, 0.0687738
2.95045e-05, 0.0665588
2.95345e-05, 0.0644988
2.95645e-05, 0.0627103
2.95945e-05, 0.0613124
2.96245e-05, 0.0604161
2.96545e-05, 0.0601112
2.96845e-05, 0.0604524
2.97145e-05, 0.0614508
2.97445e-05, 0.0630704
2.97744e-05, 0.0652344
2.98044e-05, 0.0678359
2.98344e-05, 0.0707506
2.98644e-05, 0.0738481
2.98944e-05, 0.0770002
2.99244e-05, 0.0800868
2.99544e-05, 0.0829986
2.99844e-05, 0.0856393
3.00144e-05, 0.0879263
3.00444e-05, 0.0897912
3.00744e-05, 0.09118
3.01044e-05, 0.0920531
3.01344e-05, 0.0923854
3.01644e-05, 0.0921661
3.01944e-05, 0.0913987
3.02244e-05, 0.0901005
3.02543e-05, 0.0883026
3.02843e-05, 0.0860493
3.03143e-05, 0.083398
3.03443e-05, 0.0804185
3.03743e-05, 0.0771936
3.04043e-05, 0.0738182
3.04343e-05, 0.0703998
3.04643e-05, 0.067057
3.04943e-05, 0.0639185
3.05243e-05, 0.0611188
3.05543e-05, 0.0587914
3.05843e-05, 0.0570572
3.06143e-05, 0.0560107
3.06443e-05, 0.0557057
3.06743e-05, 0.0561455
3.07043e-05, 0.0572824
3.07342e-05, 0.0590275
3.07642e-05, 0.0612647
3.07942e-05, 0.0638658
3.08242e-05, 0.0667031
3.08542e-05, 0.0696561
3.08842e-05, 0.0726159
3.09142e-05, 0.0754858
3.09442e-05, 0.0781814
3.09742e-05, 0.0806305
3.10042e-05, 0.0827721
3.10342e-05, 0.0845561
3.10642e-05, 0.0859433
3.10942e-05, 0.0869057
3.11242e-05, 0.0874263
3.11542e-05, 0.0875002
3.11842e-05, 0.0871348
3.12141e-05, 0.0863502
3.12441e-05, 0.0851797
3.12741e-05, 0.08367
3.13041e-05, 0.0818814
3.13341e-05, 0.0798868
3.13641e-05, 0.0777712
3.13941e-05, 0.0756292
3.14241e-05, 0.0735617
3.14541e-05, 0.0716712
3.14841e-05, 0.0700548
3.15141e-05, 0.068796
3.15441e-05, 0.0679568
3.15741e-05, 0.0675703
3.16041e-05, 0.0676364
3.16341e-05, 0.0681229
3.16641e-05, 0.0689691
3.1694e-05, 0.0700949
3.1724e-05, 0.0714087
3.1754e-05, 0.0728163
3.1784e-05, 0.0742278
3.1814e-05, 0.0755619
3.1844e-05, 0.0767489
3.1874e-05, 0.0777323
3.1904e-05, 0.0784692
3.1934e-05, 0.0789295
3.1964e-05, 0.0790955
3.1994e-05, 0.0789615
3.2024e-05, 0.078532
3.2054e-05, 0.0778213
3.2084e-05, 0.0768528
3.2114e-05, 0.0756577
3.2144e-05, 0.0742751
3.21739e-05, 0.0727508
3.22039e-05, 0.0711372
3.22339e-05, 0.069492
3.22639e-05, 0.0678773
3.22939e-05, 0.0663581
3.23239e-05, 0.0649995
3.23539e-05, 0.0638631
3.23839e-05, 0.0630034
3.24139e-05, 0.0624627
3.24439e-05, 0.062267
3.24739e-05, 0.0624227
3.25039e-05, 0.0629157
3.25339e-05, 0.0637124
3.25639e-05, 0.0647622
3.25939e-05, 0.0660026
3.26239e-05, 0.0673637
3.26538e-05, 0.0687732
3.26838e-05, 0.0701601
3.27138e-05, 0.0714581
3.27438e-05, 0.0726079
3.27738e-05, 0.0735585
3.28038e-05, 0.0742689
3.28338e-05, 0.0747081
3.28638e-05, 0.0748556
3.28938e-05, 0.0747018
3.29238e-05, 0.0742476
3.29538e-05, 0.0735048
3.29838e-05, 0.0724953
3.30138e-05, 0.0712511
3.30438e-05, 0.0698142
3.30738e-05, 0.0682353
3.31038e-05, 0.0665736
3.31337e-05, 0.0648949
3.31637e-05, 0.0632698
3.31937e-05, 0.0617707
3.32237e-05, 0.0604675
3.32537e-05, 0.0594233
3.32837e-05, 0.0586882
3.33137e-05, 0.058295
3.33437e-05, 0.0582547
3.33737e-05, 0.0585556
3.34037e-05, 0.0591647
3.34337e-05, 0.0600307
3.34637e-05, 0.0610903
3.34937e-05, 0.0622732
3.35237e-05, 0.0635076
3.35537e-05, 0.0647249
3.35837e-05, 0.0658626
3.36136e-05, 0.0668663
3.36436e-05, 0.0676916
3.36736e-05, 0.0683045
3.37036e-05, 0.0686814
3.37336e-05, 0.0688096
3.37636e-05, 0.0686871
3.37936e-05, 0.0683218
3.38236e-05, 0.0677316
3.38536e-05, 0.0669436
3.38836e-05, 0.0659937
3.39136e-05, 0.0649258
3.39436e-05, 0.0637907
3.39736e-05, 0.0626448
3.40036e-05, 0.0615484
3.40336e-05, 0.0605631
3.40636e-05, 0.0597488
3.40935e-05, 0.0591593
3.41235e-05, 0.058839
3.41535e-05, 0.058818
3.41835e-05, 0.0591098
3.42135e-05, 0.059709
3.42435e-05, 0.0605924
3.42735e-05, 0.0617204
3.43035e-05, 0.0630407
3.43335e-05, 0.0644924
3.43635e-05, 0.06601
3.43935e-05, 0.067527
3.44235e-05, 0.0689792
3.44535e-05, 0.0703069
3.44835e-05, 0.0714572
3.45135e-05, 0.0723848
3.45435e-05, 0.0730539
3.45734e-05, 0.0734385
3.46034e-05, 0.0735238
3.46334e-05, 0.0733059
3.46634e-05, 0.0727931
3.46934e-05, 0.0720058
3.47234e-05, 0.0709767
3.47534e-05, 0.0697508
3.47834e-05, 0.068385
3.48134e-05, 0.0669469
3.48434e-05, 0.0655134
3.48734e-05, 0.0641677
3.49034e-05, 0.0629949
3.49334e-05, 0.0620768
3.49634e-05, 0.0614847
3.49934e-05, 0.0612723
3.50234e-05, 0.0614701
3.50533e-05, 0.062081
3.50833e-05, 0.0630806
3.51133e-05, 0.0644203
3.51433e-05, 0.0660324
3.51733e-05, 0.0678373
3.52033e-05, 0.0697498
3.52333e-05, 0.0716842
3.52633e-05, 0.0735585
3.52933e-05, 0.0752972
3.53233e-05, 0.0768329
3.53533e-05, 0.0781074
3.53833e-05, 0.0790723
3.54133e-05, 0.0796897
3.54433e-05, 0.0799319
3.54733e-05, 0.0797822
3.55033e-05, 0.0792348
3.55332e-05, 0.0782951
3.55632e-05, 0.0769799
3.55932e-05, 0.0753181
3.56232e-05, 0.0733503
3.56532e-05, 0.0711299
3.56832e-05, 0.0687226
3.57132e-05, 0.066207
3.57432e-05, 0.0636735
3.57732e-05, 0.0612234
3.58032e-05, 0.0589653
3.58332e-05, 0.0570101
3.58632e-05, 0.0554626
3.58932e-05, 0.0544112
3.59232e-05, 0.0539162
3.59532e-05, 0.054001
3.59832e-05, 0.0546484
3.60131e-05, 0.0558044
3.60431e-05, 0.0573864
3.60731e-05, 0.0592959
3.61031e-05, 0.0614284
3.61331e-05, 0.0636821
3.61631e-05, 0.0659633
3.61931e-05, 0.0681882
3.62231e-05, 0.0702843
3.62531e-05, 0.0721897
3.62831e-05, 0.0738523
3.63131e-05, 0.0752293
3.63431e-05, 0.0762857
3.63731e-05, 0.0769942
3.64031e-05, 0.0773348
3.64331e-05, 0.0772944
3.64631e-05, 0.0768672
3.6493e-05, 0.076055
3.6523e-05, 0.0748681
3.6553e-05, 0.0733262
3.6583e-05, 0.0714593
3.6613e-05, 0.0693094
3.6643e-05, 0.0669314
3.6673e-05, 0.0643948
3.6703e-05, 0.0617844
3.6733e-05, 0.0592006
3.6763e-05, 0.0567576
3.6793e-05, 0.0545786
3.6823e-05, 0.0527881
3.6853e-05, 0.051498
3.6883e-05, 0.0507915
3.6913e-05, 0.0507084
3.6943e-05, 0.0512354
3.69729e-05, 0.0523085
3.70029e-05, 0.053824
3.70329e-05, 0.055655
3.70629e-05, 0.0576681
3.70929e-05, 0.0597349
3.71229e-05, 0.0617403
3.71529e-05, 0.0635865
3.71829e-05, 0.0651936
3.72129e-05, 0.0665004
3.72429e-05, 0.0674625
3.72729e-05, 0.0680517
3.73029e-05, 0.0682542
3.73329e-05, 0.0680688
3.73629e-05, 0.0675058
3.73929e-05, 0.0665856
3.74229e-05, 0.0653366
3.74528e-05, 0.0637947
3.74828e-05, 0.0620017
3.75128e-05, 0.0600049
3.75428e-05, 0.0578562
3.75728e-05, 0.0556121
3.76028e-05, 0.0533332
3.76328e-05, 0.051085
3.76628e-05, 0.048937
3.76928e-05, 0.0469623
3.77228e-05, 0.0452356
3.77528e-05, 0.0438292
3.77828e-05, 0.0428073
3.78128e-05, 0.0422186
3.78428e-05, 0.0420893
3.78728e-05, 0.0424177
3.79028e-05, 0.0431737
3.79327e-05, 0.0443028
3.79627e-05, 0.0457327
3.79927e-05, 0.0473815
3.80227e-05, 0.0491651
3.80527e-05, 0.0510023
3.80827e-05, 0.0528189
3.81127e-05, 0.0545491
3.81427e-05, 0.0561372
3.81727e-05, 0.0575381
3.82027e-05, 0.0587173
3.82327e-05, 0.0596509
3.82627e-05, 0.0603256
3.82927e-05, 0.0607385
3.83227e-05, 0.0608966
3.83527e-05, 0.0608167
3.83827e-05, 0.0605243
3.84126e-05, 0.0600532
3.84426e-05, 0.0594442
3.84726e-05, 0.0587437
3.85026e-05, 0.0580021
3.85326e-05, 0.0572713
3.85626e-05, 0.0566023
3.85926e-05, 0.0560417
3.86226e-05, 0.0556294
3.86526e-05, 0.0553948
3.86826e-05, 0.055355
3.87126e-05, 0.0555136
3.87426e-05, 0.0558604
3.87726e-05, 0.0563731
3.88026e-05, 0.0570192
3.88326e-05, 0.0577594
3.88626e-05, 0.0585507
3.88925e-05, 0.0593489
3.89225e-05, 0.0601123
3.89525e-05, 0.0608029
3.89825e-05, 0.0613885
3.90125e-05, 0.0618441
3.90425e-05, 0.0621525
3.90725e-05, 0.062305
3.91025e-05, 0.0623022
3.91325e-05, 0.0621532
3.91625e-05, 0.0618766
3.91925e-05, 0.061499
3.92225e-05, 0.061055
3.92525e-05, 0.0605856
3.92825e-05, 0.0601362
3.93125e-05, 0.0597545
3.93425e-05, 0.0594873
3.93724e-05, 0.0593768
3.94024e-05, 0.0594576
3.94324e-05, 0.0597524
3.94624e-05, 0.0602708
3.94924e-05, 0.0610068
3.95224e-05, 0.0619402
3.95524e-05, 0.0630375
3.95824e-05, 0.0642545
3.96124e-05, 0.0655396
3.96424e-05, 0.0668371
3.96724e-05, 0.0680898
3.97024e-05, 0.0692421
3.97324e-05, 0.0702413
3.97624e-05, 0.0710404
3.97924e-05, 0.0715982
3.98224e-05, 0.071881
3.98523e-05, 0.0718629
3.98823e-05, 0.0715268
3.99123e-05, 0.0708643
3.99423e-05, 0.0698765
3.99723e-05, 0.068574
4.00023e-05, 0.0669771
4.00323e-05, 0.0651165
4.00623e-05, 0.0630327
4.00923e-05, 0.0607766
4.01223e-05, 0.0584095
4.01523e-05, 0.0560025
4.01823e-05, 0.0536356
4.02123e-05, 0.0513965
4.02423e-05, 0.0493761
4.02723e-05, 0.0476643
4.03023e-05, 0.0463414
4.03322e-05, 0.0454697
4.03622e-05, 0.0450844
4.03922e-05, 0.0451882
4.04222e-05, 0.045751
4.04522e-05, 0.0467151
4.04822e-05, 0.048004
4.05122e-05, 0.0495323
4.05422e-05, 0.0512139
4.05722e-05, 0.0529675
4.06022e-05, 0.0547195
4.06322e-05, 0.0564053
4.06622e-05, 0.0579694
4.06922e-05, 0.0593641
4.07222e-05, 0.0605492
4.07522e-05, 0.0614905
4.07822e-05, 0.0621597
4.08121e-05, 0.0625333
4.08421e-05, 0.0625931
4.08721e-05, 0.0623257
4.09021e-05, 0.061723
4.09321e-05, 0.0607831
4.09621e-05, 0.0595108
4.09921e-05, 0.0579188
4.10221e-05, 0.0560286
4.10521e-05, 0.0538722
4.10821e-05, 0.0514934
4.11121e-05, 0.0489494
4.11421e-05, 0.0463123
4.11721e-05, 0.0436708
4.12021e-05, 0.0411298
4.12321e-05, 0.0388085
4.12621e-05, 0.0368341
4.1292e-05, 0.0353282
4.1322e-05, 0.0343872
4.1352e-05, 0.0340603
4.1382e-05, 0.0343353
4.1412e-05, 0.0351394
4.1442e-05, 0.036357
4.1472e-05, 0.0378534
4.1502e-05, 0.0394954
4.1532e-05, 0.0411649
4.1562e-05, 0.0427649
4.1592e-05, 0.0442208
4.1622e-05, 0.0454795
4.1652e-05, 0.0465071
4.1682e-05, 0.0472864
4.1712e-05, 0.0478142
4.1742e-05, 0.048099
4.17719e-05, 0.0481573
4.18019e-05, 0.048012
4.18319e-05, 0.0476888
4.18619e-05, 0.0472143
4.18919e-05, 0.0466137
4.19219e-05, 0.0459092
4.19519e-05, 0.0451197
4.19819e-05, 0.0442605
4.20119e-05, 0.0433444
4.20419e-05, 0.0423843
4.20719e-05, 0.0413953
4.21019e-05, 0.0403977
4.21319e-05, 0.0394207
4.21619e-05, 0.0385039
4.21919e-05, 0.0376987
4.22219e-05, 0.0370667
4.22518e-05, 0.0366759
4.22818e-05, 0.0365924
4.23118e-05, 0.0368707
4.23418e-05, 0.0375433
4.23718e-05, 0.0386134
4.24018e-05, 0.0400529
4.24318e-05, 0.0418065
4.24618e-05, 0.0437994
4.24918e-05, 0.0459458
4.25218e-05, 0.0481571
4.25518e-05, 0.0503479
4.25818e-05, 0.0524403
4.26118e-05, 0.0543666
4.26418e-05, 0.0560706
4.26718e-05, 0.0575092
4.27018e-05, 0.0586523
4.27317e-05, 0.0594828
4.27617e-05, 0.0599971
4.27917e-05, 0.0602034
4.28217e-05, 0.0601218
4.28517e-05, 0.0597826
4.28817e-05, 0.0592247
4.29117e-05, 0.0584941
4.29417e-05, 0.0576408
4.29717e-05, 0.0567164
4.30017e-05, 0.0557711
4.30317e-05, 0.0548505
4.30617e-05, 0.0539921
4.30917e-05, 0.0532233
4.31217e-05, 0.0525593
4.31517e-05, 0.0520025
4.31817e-05, 0.0515431
4.32116e-05, 0.0511611
4.32416e-05, 0.0508285
4.32716e-05, 0.050513
4.33016e-05, 0.0501806
4.33316e-05, 0.0497988
4.33616e-05, 0.0493386
4.33916e-05, 0.0487762
4.34216e-05, 0.0480943
4.34516e-05, 0.0472822
4.34816e-05, 0.0463367
4.35116e-05, 0.0452612
4.35416e-05, 0.0440653
4.35716e-05, 0.0427652
4.36016e-05, 0.0413818
4.36316e-05, 0.039941
4.36616e-05, 0.0384723
4.36915e-05, 0.0370084
4.37215e-05, 0.0355836
4.37515e-05, 0.034233
4.37815e-05, 0.0329909
4.38115e-05, 0.0318887
4.38415e-05, 0.030953
4.38715e-05, 0.0302038
4.39015e-05, 0.0296521
4.39315e-05, 0.0292996
4.39615e-05, 0.0291377
4.39915e-05, 0.0291494
4.40215e-05, 0.0293107
4.40515e-05, 0.0295929
4.40815e-05, 0.0299655
4.41115e-05, 0.0303979
4.41415e-05, 0.0308614
4.41714e-05, 0.0313297
4.42014e-05, 0.03178
4.42314e-05, 0.032193
4.42614e-05, 0.0325527
4.42914e-05, 0.0328464
4.43214e-05, 0.0330644
4.43514e-05, 0.0331998
4.43814e-05, 0.0332479
4.44114e-05, 0.0332062
4.44414e-05, 0.0330743
4.44714e-05, 0.0328531
4.45014e-05, 0.032545
4.45314e-05, 0.0321539
4.45614e-05, 0.0316845
4.45914e-05, 0.0311427
4.46214e-05, 0.0305349
4.46513e-05, 0.0298684
4.46813e-05, 0.0291512
4.47113e-05, 0.0283914
4.47413e-05, 0.027598
4.47713e-05, 0.0267798
4.48013e-05, 0.0259461
4.48313e-05, 0.0251062
4.48613e-05, 0.0242693
4.48913e-05, 0.0234447
4.49213e-05, 0.0226412
4.49513e-05, 0.0218674
4.49813e-05, 0.0211311
4.50113e-05, 0.0204396
4.50413e-05, 0.0197991
4.50713e-05, 0.0192147
4.51013e-05, 0.0186904
4.51312e-05, 0.0182285
4.51612e-05, 0.0178301
4.51912e-05, 0.0174945
4.52212e-05, 0.0172197
4.52512e-05, 0.0170024
4.52812e-05, 0.0168382
4.53112e-05, 0.0167219
4.53412e-05, 0.0166478
4.53712e-05, 0.01661
4.54012e-05, 0.0166024
4.54312e-05, 0.0166194
4.54612e-05, 0.0166556
4.54912e-05, 0.0167063
4.55212e-05, 0.0167672
4.55512e-05, 0.0168346
4.55812e-05, 0.0169054
4.56111e-05, 0.0169771
4.56411e-05, 0.0170476
4.56711e-05, 0.0171152
4.57011e-05, 0.0171786
4.57311e-05, 0.0172365
4.57611e-05, 0.017288
4.57911e-05, 0.0173325
4.58211e-05, 0.017369
4.58511e-05, 0.0173969
4.58811e-05, 0.0174152
4.59111e-05, 0.0174233
4.59411e-05, 0.01742
4.59711e-05, 0.0174045
4.60011e-05, 0.0173755
4.60311e-05, 0.0173318
4.60611e-05, 0.0172722
4.6091e-05, 0.0171954
4.6121e-05, 0.0170998
4.6151e-05, 0.0169843
4.6181e-05, 0.0168474
4.6211e-05, 0.0166879
4.6241e-05, 0.0165045
4.6271e-05, 0.0162962
4.6301e-05, 0.016062
4.6331e-05, 0.0158012
4.6361e-05, 0.015513
4.6391e-05, 0.0151971
4.6421e-05, 0.0148531
4.6451e-05, 0.0144812
4.6481e-05, 0.0140814
4.6511e-05, 0.0136543
4.6541e-05, 0.0132004
4.65709e-05, 0.0127207
4.66009e-05, 0.0122161
4.66309e-05, 0.0116882
4.66609e-05, 0.0111382
4.66909e-05, 0.0105683
4.67209e-05, 0.0099801
4.67509e-05, 0.00937602
4.67809e-05, 0.00875851
4.68109e-05, 0.00813024
4.68409e-05, 0.00749432
4.68709e-05, 0.00685414
4.69009e-05, 0.00621362
4.69309e-05, 0.00557745
4.69609e-05, 0.00495133
4.69909e-05, 0.00434268
4.70209e-05, 0.00376177
4.70508e-05, 0.00322352
4.70808e-05, 0.00275052
4.71108e-05, 0.00237638
4.71408e-05, 0.00214417
4.71708e-05, 0.0020896
4.72008e-05, 0.00221228
4.72308e-05, 0.00247227
4.72608e-05, 0.00281865
4.72908e-05, 0.00321098
4.73208e-05, 0.00362263
4.73508e-05, 0.00403677
4.73808e-05, 0.00444261
4.74108e-05, 0.00483303
4.74408e-05, 0.00520313
4.74708e-05, 0.0055493
4.75008e-05, 0.00586901
4.75307e-05, 0.00616033
4.75607e-05, 0.00642175
4.75907e-05, 0.00665231
4.76207e-05, 0.00685118
4.76507e-05, 0.00701797
4.76807e-05, 0.0071524
4.77107e-05, 0.00725443
4.77407e-05, 0.00732427
4.77707e-05, 0.00736222
4.78007e-05, 0.0073688
4.78307e-05, 0.00734466
4.78607e-05, 0.00729057
4.78907e-05, 0.00720748
4.79207e-05, 0.00709638
4.79507e-05, 0.00695843
4.79807e-05, 0.00679485
4.80106e-05, 0.00660697
4.80406e-05, 0.00639614
4.80706e-05, 0.00616384
4.81006e-05, 0.00591156
4.81306e-05, 0.00564086
4.81606e-05, 0.00535332
4.81906e-05, 0.00505054
4.82206e-05, 0.00473421
4.82506e-05, 0.00440595
4.82806e-05, 0.00406745
4.83106e-05, 0.00372038
4.83406e-05, 0.00336639
4.83706e-05, 0.00300719
4.84006e-05, 0.00264436
4.84306e-05, 0.00227958
4.84606e-05, 0.00191443
4.84905e-05, 0.00155044
4.85205e-05, 0.00118919
4.85505e-05, 0.000832137
4.85805e-05, 0.000480943
4.86105e-05, 0.000139134
4.86405e-05, 0.000204672
4.86705e-05, 0.000530245
4.87005e-05, 0.000846689
4.87305e-05, 0.00115184
4.87605e-05, 0.00144458
4.87905e-05, 0.001724
4.88205e-05, 0.0019893
4.88505e-05, 0.00223979
4.88805e-05, 0.00247489
4.89105e-05, 0.00269412
4.89405e-05, 0.00289712
4.89704e-05, 0.00308364
4.90004e-05, 0.00325354
4.90304e-05, 0.00340684
4.90604e-05, 0.00354363
4.90904e-05, 0.00366423
4.91204e-05, 0.00376902
4.91504e-05, 0.00385855
4.91804e-05, 0.00393359
4.92104e-05, 0.00399498
4.92404e-05, 0.00404382
4.92704e-05, 0.00408132
4.93004e-05, 0.00410892
4.93304e-05, 0.00412825
4.93604e-05, 0.00414109
4.93904e-05, 0.00414944
4.94204e-05, 0.00415543
4.94503e-05, 0.00416138
4.94803e-05, 0.00416969
4.95103e-05, 0.0041828
4.95403e-05, 0.00420317
4.95703e-05, 0.00423317
4.96003e-05, 0.00427497
4.96303e-05, 0.00433048
4.96603e-05, 0.0044013
4.96903e-05, 0.00448856
4.97203e-05, 0.00459303
4.97503e-05, 0.0047149
4.97803e-05, 0.00485401
4.98103e-05, 0.00500974
4.98403e-05, 0.00518114
4.98703e-05, 0.00536699
4.99003e-05, 0.0055658
4.99302e-05, 0.00577603
4.99602e-05, 0.00599598
4.99902e-05, 0.00622391
5.00202e-05, 0.00645813
5.00502e-05, 0.00669687
5.00802e-05, 0.00693851
5.01102e-05, 0.00718144
5.01402e-05, 0.0074241
5.01702e-05, 0.00766508
5.02002e-05, 0.00790295
5.02302e-05, 0.00813644
5.02602e-05, 0.0083643
5.02902e-05, 0.00858538
5.03202e-05, 0.00879864
5.03502e-05, 0.00900307
5.03802e-05, 0.00919775
5.04101e-05, 0.00938184
5.04401e-05, 0.00955457
5.04701e-05, 0.00971523
5.05001e-05, 0.0098632
5.05301e-05, 0.00999788
5.05601e-05, 0.0101188
5.05901e-05, 0.0102255
5.06201e-05, 0.0103177
5.06501e-05, 0.010395
5.06801e-05, 0.0104572
5.07101e-05, 0.0105042
5.07401e-05, 0.0105358
5.07701e-05, 0.0105519
5.08001e-05, 0.0105527
5.08301e-05, 0.0105381
5.08601e-05, 0.0105083
5.089e-05, 0.0104636
5.092e-05, 0.010404


