

x(m), Y
-9.00747e-06, 0.0163394
-8.97748e-06, 0.017121
-8.94748e-06, 0.0180076
-8.91749e-06, 0.0189924
-8.88749e-06, 0.0200649
-8.8575e-06, 0.0212115
-8.82751e-06, 0.0224151
-8.79751e-06, 0.0236559
-8.76752e-06, 0.0249123
-8.73753e-06, 0.0261612
-8.70753e-06, 0.0273804
-8.67754e-06, 0.0285491
-8.64754e-06, 0.0296502
-8.61755e-06, 0.0306721
-8.58756e-06, 0.0316103
-8.55756e-06, 0.0324686
-8.52757e-06, 0.0332603
-8.49758e-06, 0.0340077
-8.46758e-06, 0.0347415
-8.43759e-06, 0.0354983
-8.40759e-06, 0.0363164
-8.3776e-06, 0.0372318
-8.34761e-06, 0.0382727
-8.31761e-06, 0.0394553
-8.28762e-06, 0.0407805
-8.25763e-06, 0.0422334
-8.22763e-06, 0.0437846
-8.19764e-06, 0.0453939
-8.16764e-06, 0.047014
-8.13765e-06, 0.0485956
-8.10766e-06, 0.050092
-8.07766e-06, 0.0514627
-8.04767e-06, 0.0526762
-8.01768e-06, 0.0537124
-7.98768e-06, 0.0545635
-7.95769e-06, 0.0552337
-7.92769e-06, 0.0557386
-7.8977e-06, 0.0561033
-7.86771e-06, 0.0563593
-7.83771e-06, 0.0565418
-7.80772e-06, 0.0566858
-7.77773e-06, 0.0568223
-7.74773e-06, 0.0569758
-7.71774e-06, 0.0571623
-7.68774e-06, 0.0573882
-7.65775e-06, 0.0576517
-7.62776e-06, 0.0579441
-7.59776e-06, 0.0582526
-7.56777e-06, 0.0585634
-7.53778e-06, 0.0588637
-7.50778e-06, 0.0591436
-7.47779e-06, 0.0593973
-7.44779e-06, 0.059622
-7.4178e-06, 0.0598172
-7.38781e-06, 0.0599827
-7.35781e-06, 0.0601159
-7.32782e-06, 0.0602106
-7.29783e-06, 0.0602547
-7.26783e-06, 0.0602298
-7.23784e-06, 0.0601124
-7.20784e-06, 0.0598748
-7.17785e-06, 0.0594881
-7.14786e-06, 0.0589253
-7.11786e-06, 0.0581644
-7.08787e-06, 0.0571921
-7.05788e-06, 0.0560061
-7.02788e-06, 0.0546175
-6.99789e-06, 0.0530521
-6.96789e-06, 0.0513499
-6.9379e-06, 0.0495643
-6.90791e-06, 0.0477589
-6.87791e-06, 0.0460026
-6.84792e-06, 0.0443634
-6.81793e-06, 0.0428993
-6.78793e-06, 0.0416511
-6.75794e-06, 0.0406345
-6.72794e-06, 0.0398363
-6.69795e-06, 0.0392161
-6.66796e-06, 0.0387113
-6.63796e-06, 0.0382464
-6.60797e-06, 0.0377426
-6.57798e-06, 0.0371267
-6.54798e-06, 0.0363375
-6.51799e-06, 0.0353305
-6.48799e-06, 0.0340792
-6.458e-06, 0.0325765
-6.42801e-06, 0.0308335
-6.39801e-06, 0.0288788
-6.36802e-06, 0.0267569
-6.33803e-06, 0.0245266
-6.30803e-06, 0.0222604
-6.27804e-06, 0.0200427
-6.24804e-06, 0.0179688
-6.21805e-06, 0.0161408
-6.18806e-06, 0.0146581
-6.15806e-06, 0.0135977
-6.12807e-06, 0.012988
-6.09808e-06, 0.0127897
-6.06808e-06, 0.0129047
-6.03809e-06, 0.0132069
-6.00809e-06, 0.0135759
-5.9781e-06, 0.0139145
-5.94811e-06, 0.0141536
-5.91811e-06, 0.0142492
-5.88812e-06, 0.0141784
-5.85813e-06, 0.0139351
-5.82813e-06, 0.0135279
-5.79814e-06, 0.0129798
-5.76814e-06, 0.0123281
-5.73815e-06, 0.0116261
-5.70816e-06, 0.0109451
-5.67816e-06, 0.0103727
-5.64817e-06, 0.0100041
-5.61818e-06, 0.00992121
-5.58818e-06, 0.0101646
-5.55819e-06, 0.0107161
-5.52819e-06, 0.0115083
-5.4982e-06, 0.012449
-5.46821e-06, 0.013445
-5.43821e-06, 0.0144147
-5.40822e-06, 0.015292
-5.37823e-06, 0.0160284
-5.34823e-06, 0.0165921
-5.31824e-06, 0.0169696
-5.28824e-06, 0.0171652
-5.25825e-06, 0.0172025
-5.22826e-06, 0.0171242
-5.19826e-06, 0.0169907
-5.16827e-06, 0.0168757
-5.13828e-06, 0.0168578
-5.10828e-06, 0.0170071
-5.07829e-06, 0.0173702
-5.04829e-06, 0.0179586
-5.0183e-06, 0.018746
-4.98831e-06, 0.0196759
-4.95831e-06, 0.0206737
-4.92832e-06, 0.0216595
-4.89833e-06, 0.0225583
-4.86833e-06, 0.0233056
-4.83834e-06, 0.0238521
-4.80834e-06, 0.0241648
-4.77835e-06, 0.0242283
-4.74836e-06, 0.024045
-4.71836e-06, 0.0236348
-4.68837e-06, 0.0230341
-4.65838e-06, 0.0222938
-4.62838e-06, 0.0214763
-4.59839e-06, 0.0206509
-4.56839e-06, 0.0198871
-4.5384e-06, 0.0192453
-4.50841e-06, 0.0187678
-4.47841e-06, 0.0184709
-4.44842e-06, 0.0183426
-4.41843e-06, 0.0183473
-4.38843e-06, 0.0184348
-4.35844e-06, 0.0185521
-4.32845e-06, 0.0186529
-4.29845e-06, 0.0187036
-4.26846e-06, 0.0186864
-4.23846e-06, 0.0185997
-4.20847e-06, 0.0184551
-4.17848e-06, 0.0182748
-4.14848e-06, 0.0180857
-4.11849e-06, 0.0179141
-4.0885e-06, 0.0177804
-4.0585e-06, 0.0176952
-4.02851e-06, 0.0176573
-3.99851e-06, 0.0176555
-3.96852e-06, 0.0176724
-3.93853e-06, 0.0176898
-3.90853e-06, 0.0176948
-3.87854e-06, 0.0176839
-3.84855e-06, 0.0176668
-3.81855e-06, 0.0176666
-3.78856e-06, 0.017718
-3.75856e-06, 0.0178615
-3.72857e-06, 0.0181357
-3.69858e-06, 0.0185685
-3.66858e-06, 0.019169
-3.63859e-06, 0.0199252
-3.6086e-06, 0.0208054
-3.5786e-06, 0.0217639
-3.54861e-06, 0.0227491
-3.51861e-06, 0.0237102
-3.48862e-06, 0.0246029
-3.45863e-06, 0.0253937
-3.42863e-06, 0.0260621
-3.39864e-06, 0.0266009
-3.36865e-06, 0.0270163
-3.33865e-06, 0.0273259
-3.30866e-06, 0.027555
-3.27866e-06, 0.0277329
-3.24867e-06, 0.0278873
-3.21868e-06, 0.0280393
-3.18868e-06, 0.028199
-3.15869e-06, 0.0283629
-3.1287e-06, 0.0285134
-3.0987e-06, 0.0286217
-3.06871e-06, 0.028651
-3.03871e-06, 0.0285626
-3.00872e-06, 0.028321
-2.97873e-06, 0.0278989
-2.94873e-06, 0.0272823
-2.91874e-06, 0.0264741
-2.88875e-06, 0.0254971
-2.85875e-06, 0.0243961
-2.82876e-06, 0.0232401
-2.79876e-06, 0.0221206
-2.76877e-06, 0.021147
-2.73878e-06, 0.0204338
-2.70878e-06, 0.020079
-2.67879e-06, 0.0201388
-2.6488e-06, 0.0206087
-2.6188e-06, 0.0214253
-2.58881e-06, 0.022485
-2.55881e-06, 0.0236695
-2.52882e-06, 0.0248654
-2.49883e-06, 0.0259745
-2.46883e-06, 0.0269183
-2.43884e-06, 0.0276379
-2.40885e-06, 0.0280924
-2.37885e-06, 0.0282568
-2.34886e-06, 0.0281202
-2.31886e-06, 0.0276831
-2.28887e-06, 0.026956
-2.25888e-06, 0.0259573
-2.22888e-06, 0.0247125
-2.19889e-06, 0.0232534
-2.1689e-06, 0.0216182
-2.1389e-06, 0.0198534
-2.10891e-06, 0.0180173
-2.07891e-06, 0.016185
-2.04892e-06, 0.0144584
-2.01893e-06, 0.0129736
-1.98893e-06, 0.0119012
-1.95894e-06, 0.0114117
-1.92895e-06, 0.0115982
-1.89895e-06, 0.0124136
-1.86896e-06, 0.013698
-1.83896e-06, 0.0152612
-1.80897e-06, 0.0169365
-1.77898e-06, 0.0185942
-1.74898e-06, 0.020136
-1.71899e-06, 0.0214882
-1.689e-06, 0.0225963
-1.659e-06, 0.0234225
-1.62901e-06, 0.0239446
-1.59901e-06, 0.0241557
-1.56902e-06, 0.0240652
-1.53903e-06, 0.0236992
-1.50903e-06, 0.0231016
-1.47904e-06, 0.0223352
-1.44905e-06, 0.0214808
-1.41905e-06, 0.0206367
-1.38906e-06, 0.0199119
-1.35906e-06, 0.0194154
-1.32907e-06, 0.019237
-1.29908e-06, 0.0194279
-1.26908e-06, 0.0199874
-1.23909e-06, 0.0208661
-1.2091e-06, 0.0219827
-1.1791e-06, 0.023243
-1.14911e-06, 0.0245558
-1.11911e-06, 0.0258406
-1.08912e-06, 0.0270308
-1.05913e-06, 0.0280728
-1.02913e-06, 0.0289245
-9.99139e-07, 0.0295528
-9.69145e-07, 0.0299318
-9.39152e-07, 0.0300408
-9.09158e-07, 0.0298627
-8.79164e-07, 0.0293838
-8.4917e-07, 0.0285929
-8.19177e-07, 0.0274819
-7.89183e-07, 0.0260459
-7.59189e-07, 0.0242846
-7.29195e-07, 0.0222031
-6.99202e-07, 0.0198132
-6.69208e-07, 0.0171347
-6.39214e-07, 0.0141977
-6.0922e-07, 0.011047
-5.79227e-07, 0.00775816
-5.49233e-07, 0.0045258
-5.19239e-07, 0.00249511
-4.89245e-07, 0.00438747
-4.59252e-07, 0.00772642
-4.29258e-07, 0.0112221
-3.99264e-07, 0.0146507
-3.6927e-07, 0.0179172
-3.39277e-07, 0.020957
-3.09283e-07, 0.0237196
-2.79289e-07, 0.0261653
-2.49295e-07, 0.0282648
-2.19302e-07, 0.0299988
-1.89308e-07, 0.0313582
-1.59314e-07, 0.0323433
-1.2932e-07, 0.0329634
-9.93266e-08, 0.0332352
-6.93329e-08, 0.0331822
-3.93392e-08, 0.032833
-9.3454e-09, 0.0322206
2.06483e-08, 0.0313816
5.06421e-08, 0.0303563
8.06358e-08, 0.02919
1.1063e-07, 0.0279346
1.40623e-07, 0.0266517
1.70617e-07, 0.0254157
2.00611e-07, 0.0243162
2.30605e-07, 0.0234567
2.60598e-07, 0.0229462
2.90592e-07, 0.0228824
3.20586e-07, 0.0233287
3.5058e-07, 0.0242962
3.80573e-07, 0.0257409
4.10567e-07, 0.0275766
4.40561e-07, 0.0296949
4.70555e-07, 0.0319825
5.00548e-07, 0.034331
5.30542e-07, 0.0366428
5.60536e-07, 0.0388328
5.9053e-07, 0.0408291
6.20523e-07, 0.0425731
6.50517e-07, 0.0440187
6.80511e-07, 0.0451326
7.10505e-07, 0.045893
7.40498e-07, 0.0462891
7.70492e-07, 0.0463195
8.00486e-07, 0.0459911
8.3048e-07, 0.0453171
8.60473e-07, 0.0443155
8.90467e-07, 0.0430073
9.20461e-07, 0.0414152
9.50455e-07, 0.0395627
9.80448e-07, 0.0374741
1.01044e-06, 0.0351753
1.04044e-06, 0.0326957
1.07043e-06, 0.0300722
1.10042e-06, 0.0273548
1.13042e-06, 0.0246163
1.16041e-06, 0.0219662
1.1904e-06, 0.0195696
1.2204e-06, 0.0176647
1.25039e-06, 0.0165471
1.28039e-06, 0.0164743
1.31038e-06, 0.0175127
1.34037e-06, 0.019494
1.37037e-06, 0.0221355
1.40036e-06, 0.0251683
1.43035e-06, 0.0283831
1.46035e-06, 0.0316261
1.49034e-06, 0.0347847
1.52034e-06, 0.0377758
1.55033e-06, 0.0405379
1.58032e-06, 0.0430271
1.61032e-06, 0.0452142
1.64031e-06, 0.0470826
1.6703e-06, 0.0486276
1.7003e-06, 0.049854
1.73029e-06, 0.0507754
1.76029e-06, 0.0514124
1.79028e-06, 0.0517913
1.82027e-06, 0.0519428
1.85027e-06, 0.0518998
1.88026e-06, 0.0516973
1.91025e-06, 0.0513707
1.94025e-06, 0.0509548
1.97024e-06, 0.0504833
2.00024e-06, 0.0499872
2.03023e-06, 0.0494948
2.06022e-06, 0.0490298
2.09022e-06, 0.0486108
2.12021e-06, 0.0482495
2.1502e-06, 0.0479501
2.1802e-06, 0.0477089
2.21019e-06, 0.0475136
2.24019e-06, 0.0473443
2.27018e-06, 0.0471749
2.30017e-06, 0.0469748
2.33017e-06, 0.0467116
2.36016e-06, 0.046353
2.39015e-06, 0.0458702
2.42015e-06, 0.0452395
2.45014e-06, 0.0444446
2.48014e-06, 0.0434785
2.51013e-06, 0.0423446
2.54012e-06, 0.0410582
2.57012e-06, 0.039648
2.60011e-06, 0.0381573
2.6301e-06, 0.0366454
2.6601e-06, 0.0351888
2.69009e-06, 0.0338816
2.72009e-06, 0.0328332
2.75008e-06, 0.0321607
2.78007e-06, 0.0319759
2.81007e-06, 0.0323666
2.84006e-06, 0.0333794
2.87005e-06, 0.0350103
2.90005e-06, 0.0372087
2.93004e-06, 0.0398906
2.96004e-06, 0.042953
2.99003e-06, 0.0462866
3.02002e-06, 0.0497821
3.05002e-06, 0.0533344
3.08001e-06, 0.0568439
3.11e-06, 0.060217
3.14e-06, 0.0633668
3.16999e-06, 0.0662142
3.19999e-06, 0.0686882
3.22998e-06, 0.0707276
3.25997e-06, 0.0722814
3.28997e-06, 0.0733102
3.31996e-06, 0.0737866
3.34995e-06, 0.073695
3.37995e-06, 0.073032
3.40994e-06, 0.0718052
3.43994e-06, 0.0700324
3.46993e-06, 0.0677401
3.49992e-06, 0.0649614
3.52992e-06, 0.061735
3.55991e-06, 0.0581031
3.5899e-06, 0.0541106
3.6199e-06, 0.0498047
3.64989e-06, 0.0452369
3.67989e-06, 0.0404663
3.70988e-06, 0.0355681
3.73987e-06, 0.0306507
3.76987e-06, 0.0258893
3.79986e-06, 0.0215935
3.82985e-06, 0.0183137
3.85985e-06, 0.016859
3.88984e-06, 0.0178267
3.91984e-06, 0.0209516
3.94983e-06, 0.0254567
3.97982e-06, 0.0306955
4.00982e-06, 0.0362667
4.03981e-06, 0.041923
4.0698e-06, 0.0474963
4.0998e-06, 0.0528614
4.12979e-06, 0.0579181
4.15979e-06, 0.0625841
4.18978e-06, 0.0667914
4.21977e-06, 0.0704857
4.24977e-06, 0.0736261
4.27976e-06, 0.0761848
4.30975e-06, 0.0781465
4.33975e-06, 0.0795085
4.36974e-06, 0.0802792
4.39974e-06, 0.0804771
4.42973e-06, 0.0801288
4.45972e-06, 0.079268
4.48972e-06, 0.0779331
4.51971e-06, 0.0761666
4.5497e-06, 0.0740134
4.5797e-06, 0.0715204
4.60969e-06, 0.0687368
4.63969e-06, 0.0657145
4.66968e-06, 0.0625099
4.69967e-06, 0.0591857
4.72967e-06, 0.0558136
4.75966e-06, 0.052477
4.78965e-06, 0.0492731
4.81965e-06, 0.0463141
4.84964e-06, 0.0437239
4.87964e-06, 0.0416302
4.90963e-06, 0.040148
4.93962e-06, 0.0393585
4.96962e-06, 0.0392876
4.99961e-06, 0.039897
5.0296e-06, 0.0410917
5.0596e-06, 0.0427414
5.08959e-06, 0.0447049
5.11959e-06, 0.0468484
5.14958e-06, 0.0490574
5.17957e-06, 0.0512397
5.20957e-06, 0.053327
5.23956e-06, 0.0552717
5.26955e-06, 0.0570456
5.29955e-06, 0.0586361
5.32954e-06, 0.0600436
5.35954e-06, 0.0612791
5.38953e-06, 0.0623615
5.41952e-06, 0.0633147
5.44952e-06, 0.0641659
5.47951e-06, 0.0649428
5.5095e-06, 0.0656719
5.5395e-06, 0.0663764
5.56949e-06, 0.0670746
5.59949e-06, 0.0677783
5.62948e-06, 0.068492
5.65947e-06, 0.0692121
5.68947e-06, 0.0699269
5.71946e-06, 0.0706169
5.74945e-06, 0.0712556
5.77945e-06, 0.071811
5.80944e-06, 0.0722474
5.83944e-06, 0.0725272
5.86943e-06, 0.0726132
5.89942e-06, 0.0724711
5.92942e-06, 0.0720711
5.95941e-06, 0.0713904
5.9894e-06, 0.0704146
6.0194e-06, 0.0691395
6.04939e-06, 0.0675722
6.07939e-06, 0.0657323
6.10938e-06, 0.0636532
6.13937e-06, 0.0613828
6.16937e-06, 0.0589851
6.19936e-06, 0.0565409
6.22935e-06, 0.0541492
6.25935e-06, 0.051927
6.28934e-06, 0.0500069
6.31934e-06, 0.0485308
6.34933e-06, 0.0476369
6.37932e-06, 0.0474416
6.40932e-06, 0.0480191
6.43931e-06, 0.0493869
6.4693e-06, 0.0515033
6.4993e-06, 0.0542775
6.52929e-06, 0.0575869
6.55929e-06, 0.0612931
6.58928e-06, 0.0652546
6.61927e-06, 0.069334
6.64927e-06, 0.0734015
6.67926e-06, 0.0773363
6.70925e-06, 0.0810277
6.73925e-06, 0.084375
6.76924e-06, 0.0872889
6.79924e-06, 0.0896917
6.82923e-06, 0.0915187
6.85922e-06, 0.0927188
6.88922e-06, 0.0932553
6.91921e-06, 0.0931065
6.9492e-06, 0.0922658
6.9792e-06, 0.0907417
7.00919e-06, 0.0885572
7.03919e-06, 0.0857492
7.06918e-06, 0.0823681
7.09917e-06, 0.0784769
7.12917e-06, 0.0741517
7.15916e-06, 0.0694822
7.18915e-06, 0.0645744
7.21915e-06, 0.0595554
7.24914e-06, 0.0545803
7.27914e-06, 0.0498436
7.30913e-06, 0.0455892
7.33912e-06, 0.0421149
7.36912e-06, 0.0397494
7.39911e-06, 0.0387831
7.4291e-06, 0.0393646
7.4591e-06, 0.041431
7.48909e-06, 0.0447397
7.51909e-06, 0.0489684
7.54908e-06, 0.053801
7.57907e-06, 0.058967
7.60907e-06, 0.064247
7.63906e-06, 0.0694649
7.66905e-06, 0.0744781
7.69905e-06, 0.0791701
7.72904e-06, 0.0834452
7.75904e-06, 0.0872258
7.78903e-06, 0.0904499
7.81902e-06, 0.0930706
7.84902e-06, 0.095055
7.87901e-06, 0.0963837
7.909e-06, 0.0970499
7.939e-06, 0.0970585
7.96899e-06, 0.0964253
7.99899e-06, 0.095176
8.02898e-06, 0.0933449
8.05897e-06, 0.0909747
8.08897e-06, 0.0881158
8.11896e-06, 0.0848266
8.14895e-06, 0.081174
8.17895e-06, 0.0772354
8.20894e-06, 0.0731005
8.23894e-06, 0.0688752
8.26893e-06, 0.0646847
8.29892e-06, 0.0606776
8.32892e-06, 0.0570265
8.35891e-06, 0.0539236
8.3889e-06, 0.0515665
8.4189e-06, 0.0501289
8.44889e-06, 0.0497237
8.47889e-06, 0.0503703
8.50888e-06, 0.0519871
8.53887e-06, 0.0544134
8.56887e-06, 0.0574471
8.59886e-06, 0.0608811
8.62885e-06, 0.0645257
8.65885e-06, 0.0682197
8.68884e-06, 0.0718325
8.71884e-06, 0.0752628
8.74883e-06, 0.078435
8.77882e-06, 0.0812966
8.80882e-06, 0.0838145
8.83881e-06, 0.0859721
8.8688e-06, 0.0877669
8.8988e-06, 0.0892078
8.92879e-06, 0.0903132
8.95879e-06, 0.0911079
8.98878e-06, 0.0916223
9.01877e-06, 0.0918894
9.04877e-06, 0.0919441
9.07876e-06, 0.0918209
9.10875e-06, 0.0915534
9.13875e-06, 0.0911722
9.16874e-06, 0.0907048
9.19874e-06, 0.0901738
9.22873e-06, 0.0895968
9.25872e-06, 0.0889853
9.28872e-06, 0.0883446
9.31871e-06, 0.087674
9.3487e-06, 0.0869668
9.3787e-06, 0.0862112
9.40869e-06, 0.085392
9.43868e-06, 0.0844918
9.46868e-06, 0.0834936
9.49867e-06, 0.0823827
9.52867e-06, 0.0811493
9.55866e-06, 0.079791
9.58865e-06, 0.0783145
9.61865e-06, 0.0767382
9.64864e-06, 0.0750936
9.67863e-06, 0.0734261
9.70863e-06, 0.0717952
9.73862e-06, 0.0702739
9.76862e-06, 0.0689461
9.79861e-06, 0.0679026
9.8286e-06, 0.0672344
9.8586e-06, 0.0670247
9.88859e-06, 0.06734
9.91858e-06, 0.0682216
9.94858e-06, 0.0696805
9.97857e-06, 0.0716957
1.00086e-05, 0.0742171
1.00386e-05, 0.0771712
1.00686e-05, 0.0804679
1.00985e-05, 0.084007
1.01285e-05, 0.0876837
1.01585e-05, 0.0913928
1.01885e-05, 0.0950311
1.02185e-05, 0.0984999
1.02485e-05, 0.101706
1.02785e-05, 0.104564
1.03085e-05, 0.106996
1.03385e-05, 0.108934
1.03685e-05, 0.110319
1.03985e-05, 0.111103
1.04285e-05, 0.111253
1.04585e-05, 0.110744
1.04885e-05, 0.109568
1.05185e-05, 0.107728
1.05485e-05, 0.105239
1.05784e-05, 0.102133
1.06084e-05, 0.0984523
1.06384e-05, 0.0942545
1.06684e-05, 0.0896123
1.06984e-05, 0.0846156
1.07284e-05, 0.0793755
1.07584e-05, 0.0740292
1.07884e-05, 0.0687481
1.08184e-05, 0.0637458
1.08484e-05, 0.0592847
1.08784e-05, 0.055672
1.09084e-05, 0.0532312
1.09384e-05, 0.0522397
1.09684e-05, 0.0528451
1.09984e-05, 0.0550103
1.10284e-05, 0.0585286
1.10583e-05, 0.0630964
1.10883e-05, 0.0683889
1.11183e-05, 0.0741066
1.11483e-05, 0.0799926
1.11783e-05, 0.0858328
1.12083e-05, 0.0914507
1.12383e-05, 0.0967014
1.12683e-05, 0.101466
1.12983e-05, 0.10565
1.13283e-05, 0.10918
1.13583e-05, 0.112
1.13883e-05, 0.114075
1.14183e-05, 0.115386
1.14483e-05, 0.11593
1.14783e-05, 0.11572
1.15083e-05, 0.114782
1.15382e-05, 0.113154
1.15682e-05, 0.110888
1.15982e-05, 0.108043
1.16282e-05, 0.104688
1.16582e-05, 0.100903
1.16882e-05, 0.0967765
1.17182e-05, 0.0924083
1.17482e-05, 0.0879107
1.17782e-05, 0.083411
1.18082e-05, 0.0790533
1.18382e-05, 0.0749988
1.18682e-05, 0.0714227
1.18982e-05, 0.0685047
1.19282e-05, 0.0664114
1.19582e-05, 0.0652712
1.19882e-05, 0.0651486
1.20181e-05, 0.0660272
1.20481e-05, 0.0678112
1.20781e-05, 0.0703439
1.21081e-05, 0.0734352
1.21381e-05, 0.0768868
1.21681e-05, 0.0805115
1.21981e-05, 0.0841428
1.22281e-05, 0.0876398
1.22581e-05, 0.0908881
1.22881e-05, 0.0937988
1.23181e-05, 0.096307
1.23481e-05, 0.0983701
1.23781e-05, 0.0999651
1.24081e-05, 0.101088
1.24381e-05, 0.10175
1.24681e-05, 0.101978
1.2498e-05, 0.101811
1.2528e-05, 0.101298
1.2558e-05, 0.100498
1.2588e-05, 0.0994744
1.2618e-05, 0.0982973
1.2648e-05, 0.0970381
1.2678e-05, 0.095768
1.2708e-05, 0.0945551
1.2738e-05, 0.0934615
1.2768e-05, 0.0925396
1.2798e-05, 0.0918295
1.2828e-05, 0.0913562
1.2858e-05, 0.0911279
1.2888e-05, 0.0911357
1.2918e-05, 0.091354
1.2948e-05, 0.0917434
1.29779e-05, 0.0922534
1.30079e-05, 0.092827
1.30379e-05, 0.0934045
1.30679e-05, 0.0939276
1.30979e-05, 0.0943433
1.31279e-05, 0.0946066
1.31579e-05, 0.0946835
1.31879e-05, 0.0945521
1.32179e-05, 0.0942041
1.32479e-05, 0.0936452
1.32779e-05, 0.0928957
1.33079e-05, 0.0919894
1.33379e-05, 0.0909734
1.33679e-05, 0.0899061
1.33979e-05, 0.0888555
1.34279e-05, 0.0878961
1.34578e-05, 0.087105
1.34878e-05, 0.0865576
1.35178e-05, 0.0863214
1.35478e-05, 0.0864515
1.35778e-05, 0.086984
1.36078e-05, 0.0879333
1.36378e-05, 0.0892891
1.36678e-05, 0.0910176
1.36978e-05, 0.0930631
1.37278e-05, 0.0953528
1.37578e-05, 0.0978013
1.37878e-05, 0.100316
1.38178e-05, 0.102801
1.38478e-05, 0.105162
1.38778e-05, 0.107311
1.39078e-05, 0.109167
1.39377e-05, 0.11066
1.39677e-05, 0.111731
1.39977e-05, 0.112335
1.40277e-05, 0.112442
1.40577e-05, 0.112038
1.40877e-05, 0.111125
1.41177e-05, 0.109719
1.41477e-05, 0.107855
1.41777e-05, 0.105585
1.42077e-05, 0.102973
1.42377e-05, 0.100104
1.42677e-05, 0.0970762
1.42977e-05, 0.0940032
1.43277e-05, 0.0910121
1.43577e-05, 0.0882402
1.43877e-05, 0.0858294
1.44176e-05, 0.083918
1.44476e-05, 0.0826293
1.44776e-05, 0.0820581
1.45076e-05, 0.0822588
1.45376e-05, 0.0832368
1.45676e-05, 0.0849478
1.45976e-05, 0.0873032
1.46276e-05, 0.090182
1.46576e-05, 0.0934426
1.46876e-05, 0.0969356
1.47176e-05, 0.100513
1.47476e-05, 0.104033
1.47776e-05, 0.107368
1.48076e-05, 0.110402
1.48376e-05, 0.113037
1.48676e-05, 0.115191
1.48975e-05, 0.116798
1.49275e-05, 0.117812
1.49575e-05, 0.118204
1.49875e-05, 0.117961
1.50175e-05, 0.117091
1.50475e-05, 0.115617
1.50775e-05, 0.113583
1.51075e-05, 0.111048
1.51375e-05, 0.108088
1.51675e-05, 0.104801
1.51975e-05, 0.101296
1.52275e-05, 0.0977046
1.52575e-05, 0.0941713
1.52875e-05, 0.0908542
1.53175e-05, 0.0879187
1.53475e-05, 0.0855272
1.53774e-05, 0.0838266
1.54074e-05, 0.0829306
1.54374e-05, 0.0829045
1.54674e-05, 0.0837539
1.54974e-05, 0.0854246
1.55274e-05, 0.0878101
1.55574e-05, 0.0907677
1.55874e-05, 0.0941348
1.56174e-05, 0.0977441
1.56474e-05, 0.101434
1.56774e-05, 0.105057
1.57074e-05, 0.10848
1.57374e-05, 0.111591
1.57674e-05, 0.114295
1.57974e-05, 0.116517
1.58274e-05, 0.1182
1.58573e-05, 0.119307
1.58873e-05, 0.119817
1.59173e-05, 0.119726
1.59473e-05, 0.119048
1.59773e-05, 0.117812
1.60073e-05, 0.11606
1.60373e-05, 0.113854
1.60673e-05, 0.111267
1.60973e-05, 0.108386
1.61273e-05, 0.105313
1.61573e-05, 0.102162
1.61873e-05, 0.099058
1.62173e-05, 0.0961339
1.62473e-05, 0.0935255
1.62773e-05, 0.0913635
1.63073e-05, 0.0897641
1.63372e-05, 0.0888169
1.63672e-05, 0.0885746
1.63972e-05, 0.0890454
1.64272e-05, 0.0901914
1.64572e-05, 0.0919334
1.64872e-05, 0.0941606
1.65172e-05, 0.0967427
1.65472e-05, 0.0995412
1.65772e-05, 0.102419
1.66072e-05, 0.10525
1.66372e-05, 0.107918
1.66672e-05, 0.110327
1.66972e-05, 0.112396
1.67272e-05, 0.114067
1.67572e-05, 0.115295
1.67872e-05, 0.116057
1.68171e-05, 0.116347
1.68471e-05, 0.116174
1.68771e-05, 0.115566
1.69071e-05, 0.114562
1.69371e-05, 0.113218
1.69671e-05, 0.1116
1.69971e-05, 0.109786
1.70271e-05, 0.107861
1.70571e-05, 0.105919
1.70871e-05, 0.104052
1.71171e-05, 0.102357
1.71471e-05, 0.100919
1.71771e-05, 0.0998155
1.72071e-05, 0.0991037
1.72371e-05, 0.0988196
1.72671e-05, 0.098973
1.7297e-05, 0.0995468
1.7327e-05, 0.100499
1.7357e-05, 0.101764
1.7387e-05, 0.103263
1.7417e-05, 0.104905
1.7447e-05, 0.106598
1.7477e-05, 0.108248
1.7507e-05, 0.109772
1.7537e-05, 0.111093
1.7567e-05, 0.11215
1.7597e-05, 0.112893
1.7627e-05, 0.113291
1.7657e-05, 0.113326
1.7687e-05, 0.112998
1.7717e-05, 0.112325
1.7747e-05, 0.111337
1.77769e-05, 0.110084
1.78069e-05, 0.108626
1.78369e-05, 0.107039
1.78669e-05, 0.105407
1.78969e-05, 0.103824
1.79269e-05, 0.102386
1.79569e-05, 0.101188
1.79869e-05, 0.100319
1.80169e-05, 0.0998507
1.80469e-05, 0.0998374
1.80769e-05, 0.100306
1.81069e-05, 0.101253
1.81369e-05, 0.102648
1.81669e-05, 0.104433
1.81969e-05, 0.106527
1.82269e-05, 0.108834
1.82568e-05, 0.111251
1.82868e-05, 0.11367
1.83168e-05, 0.115984
1.83468e-05, 0.118095
1.83768e-05, 0.119914
1.84068e-05, 0.121363
1.84368e-05, 0.122382
1.84668e-05, 0.122922
1.84968e-05, 0.122954
1.85268e-05, 0.122464
1.85568e-05, 0.121457
1.85868e-05, 0.119958
1.86168e-05, 0.118006
1.86468e-05, 0.115663
1.86768e-05, 0.113006
1.87068e-05, 0.110133
1.87367e-05, 0.107156
1.87667e-05, 0.104203
1.87967e-05, 0.101416
1.88267e-05, 0.0989392
1.88567e-05, 0.0969167
1.88867e-05, 0.0954777
1.89167e-05, 0.0947252
1.89467e-05, 0.0947231
1.89767e-05, 0.0954877
1.90067e-05, 0.0969853
1.90367e-05, 0.099136
1.90667e-05, 0.101824
1.90967e-05, 0.104909
1.91267e-05, 0.10824
1.91567e-05, 0.111664
1.91867e-05, 0.115034
1.92166e-05, 0.118215
1.92466e-05, 0.121087
1.92766e-05, 0.123546
1.93066e-05, 0.125505
1.93366e-05, 0.126898
1.93666e-05, 0.127674
1.93966e-05, 0.127805
1.94266e-05, 0.127277
1.94566e-05, 0.1261
1.94866e-05, 0.124298
1.95166e-05, 0.121916
1.95466e-05, 0.119018
1.95766e-05, 0.115686
1.96066e-05, 0.112022
1.96366e-05, 0.108148
1.96666e-05, 0.104203
1.96965e-05, 0.100345
1.97265e-05, 0.0967487
1.97565e-05, 0.0935931
1.97865e-05, 0.0910561
1.98165e-05, 0.0892958
1.98465e-05, 0.0884323
1.98765e-05, 0.0885295
1.99065e-05, 0.0895846
1.99365e-05, 0.0915281
1.99665e-05, 0.0942349
1.99965e-05, 0.0975421
2.00265e-05, 0.101268
2.00565e-05, 0.105227
2.00865e-05, 0.109244
2.01165e-05, 0.113156
2.01465e-05, 0.11682
2.01764e-05, 0.120114
2.02064e-05, 0.122934
2.02364e-05, 0.125198
2.02664e-05, 0.126844
2.02964e-05, 0.127827
2.03264e-05, 0.128124
2.03564e-05, 0.127728
2.03864e-05, 0.126652
2.04164e-05, 0.124923
2.04464e-05, 0.122589
2.04764e-05, 0.119713
2.05064e-05, 0.116374
2.05364e-05, 0.112669
2.05664e-05, 0.108709
2.05964e-05, 0.104625
2.06264e-05, 0.100561
2.06563e-05, 0.0966756
2.06863e-05, 0.0931351
2.07163e-05, 0.0901079
2.07463e-05, 0.0877515
2.07763e-05, 0.0861965
2.08063e-05, 0.08553
2.08363e-05, 0.0857825
2.08663e-05, 0.0869227
2.08963e-05, 0.0888621
2.09263e-05, 0.0914695
2.09563e-05, 0.0945872
2.09863e-05, 0.0980488
2.10163e-05, 0.101691
2.10463e-05, 0.105362
2.10763e-05, 0.108928
2.11063e-05, 0.112273
2.11362e-05, 0.1153
2.11662e-05, 0.117931
2.11962e-05, 0.120107
2.12262e-05, 0.121786
2.12562e-05, 0.122942
2.12862e-05, 0.123566
2.13162e-05, 0.123664
2.13462e-05, 0.123257
2.13762e-05, 0.122377
2.14062e-05, 0.121074
2.14362e-05, 0.119405
2.14662e-05, 0.117443
2.14962e-05, 0.115268
2.15262e-05, 0.11297
2.15562e-05, 0.110646
2.15862e-05, 0.108394
2.16161e-05, 0.106315
2.16461e-05, 0.104499
2.16761e-05, 0.103029
2.17061e-05, 0.101967
2.17361e-05, 0.101354
2.17661e-05, 0.101203
2.17961e-05, 0.101499
2.18261e-05, 0.102204
2.18561e-05, 0.103254
2.18861e-05, 0.104573
2.19161e-05, 0.106074
2.19461e-05, 0.107668
2.19761e-05, 0.10927
2.20061e-05, 0.110803
2.20361e-05, 0.112201
2.20661e-05, 0.113413
2.2096e-05, 0.1144
2.2126e-05, 0.115141
2.2156e-05, 0.115629
2.2186e-05, 0.115872
2.2216e-05, 0.115893
2.2246e-05, 0.115724
2.2276e-05, 0.11541
2.2306e-05, 0.115002
2.2336e-05, 0.114557
2.2366e-05, 0.114135
2.2396e-05, 0.113792
2.2426e-05, 0.11358
2.2456e-05, 0.113542
2.2486e-05, 0.113707
2.2516e-05, 0.114091
2.2546e-05, 0.114694
2.25759e-05, 0.115496
2.26059e-05, 0.116466
2.26359e-05, 0.117555
2.26659e-05, 0.118705
2.26959e-05, 0.119852
2.27259e-05, 0.120925
2.27559e-05, 0.121855
2.27859e-05, 0.122575
2.28159e-05, 0.123024
2.28459e-05, 0.123151
2.28759e-05, 0.122914
2.29059e-05, 0.122285
2.29359e-05, 0.121252
2.29659e-05, 0.119817
2.29959e-05, 0.118
2.30259e-05, 0.115841
2.30558e-05, 0.113397
2.30858e-05, 0.110746
2.31158e-05, 0.107987
2.31458e-05, 0.105235
2.31758e-05, 0.102622
2.32058e-05, 0.100289
2.32358e-05, 0.0983805
2.32658e-05, 0.0970313
2.32958e-05, 0.096354
2.33258e-05, 0.0964254
2.33558e-05, 0.0972756
2.33858e-05, 0.0988842
2.34158e-05, 0.101182
2.34458e-05, 0.10406
2.34758e-05, 0.107382
2.35058e-05, 0.110997
2.35357e-05, 0.114747
2.35657e-05, 0.118482
2.35957e-05, 0.122059
2.36257e-05, 0.125349
2.36557e-05, 0.128239
2.36857e-05, 0.13063
2.37157e-05, 0.132441
2.37457e-05, 0.13361
2.37757e-05, 0.13409
2.38057e-05, 0.133849
2.38357e-05, 0.132877
2.38657e-05, 0.131175
2.38957e-05, 0.128767
2.39257e-05, 0.125688
2.39557e-05, 0.121996
2.39857e-05, 0.117764
2.40156e-05, 0.113086
2.40456e-05, 0.108077
2.40756e-05, 0.102876
2.41056e-05, 0.0976514
2.41356e-05, 0.0925959
2.41656e-05, 0.0879328
2.41956e-05, 0.0839067
2.42256e-05, 0.0807676
2.42556e-05, 0.0787435
2.42856e-05, 0.0780017
2.43156e-05, 0.0786131
2.43456e-05, 0.0805345
2.43756e-05, 0.083619
2.44056e-05, 0.0876477
2.44356e-05, 0.0923684
2.44656e-05, 0.0975266
2.44955e-05, 0.102885
2.45255e-05, 0.108231
2.45555e-05, 0.113381
2.45855e-05, 0.118179
2.46155e-05, 0.122494
2.46455e-05, 0.126218
2.46755e-05, 0.129265
2.47055e-05, 0.13157
2.47355e-05, 0.133086
2.47655e-05, 0.133785
2.47955e-05, 0.133659
2.48255e-05, 0.132716
2.48555e-05, 0.130983
2.48855e-05, 0.128503
2.49155e-05, 0.125337
2.49455e-05, 0.121565
2.49754e-05, 0.117283
2.50054e-05, 0.112605
2.50354e-05, 0.107668
2.50654e-05, 0.102625
2.50954e-05, 0.0976519
2.51254e-05, 0.0929431
2.51554e-05, 0.0887064
2.51854e-05, 0.0851528
2.52154e-05, 0.0824779
2.52454e-05, 0.0808376
2.52754e-05, 0.0803216
2.53054e-05, 0.0809355
2.53354e-05, 0.0825991
2.53654e-05, 0.0851625
2.53954e-05, 0.088432
2.54254e-05, 0.0921976
2.54553e-05, 0.0962539
2.54853e-05, 0.100413
2.55153e-05, 0.10451
2.55453e-05, 0.108406
2.55753e-05, 0.111985
2.56053e-05, 0.115156
2.56353e-05, 0.117848
2.56653e-05, 0.120009
2.56953e-05, 0.121606
2.57253e-05, 0.122622
2.57553e-05, 0.123057
2.57853e-05, 0.122926
2.58153e-05, 0.122259
2.58453e-05, 0.121099
2.58753e-05, 0.119504
2.59053e-05, 0.117546
2.59352e-05, 0.115306
2.59652e-05, 0.112877
2.59952e-05, 0.110363
2.60252e-05, 0.107869
2.60552e-05, 0.105507
2.60852e-05, 0.10338
2.61152e-05, 0.101586
2.61452e-05, 0.100203
2.61752e-05, 0.0992852
2.62052e-05, 0.0988606
2.62352e-05, 0.0989239
2.62652e-05, 0.0994405
2.62952e-05, 0.100349
2.63252e-05, 0.101569
2.63552e-05, 0.103008
2.63852e-05, 0.104569
2.64151e-05, 0.106156
2.64451e-05, 0.107683
2.64751e-05, 0.109074
2.65051e-05, 0.110267
2.65351e-05, 0.111216
2.65651e-05, 0.111892
2.65951e-05, 0.11228
2.66251e-05, 0.112383
2.66551e-05, 0.112217
2.66851e-05, 0.111813
2.67151e-05, 0.111213
2.67451e-05, 0.110471
2.67751e-05, 0.109646
2.68051e-05, 0.108805
2.68351e-05, 0.108014
2.68651e-05, 0.107337
2.6895e-05, 0.106832
2.6925e-05, 0.106544
2.6955e-05, 0.106507
2.6985e-05, 0.106735
2.7015e-05, 0.107225
2.7045e-05, 0.107954
2.7075e-05, 0.108884
2.7105e-05, 0.10996
2.7135e-05, 0.11112
2.7165e-05, 0.112291
2.7195e-05, 0.113401
2.7225e-05, 0.114377
2.7255e-05, 0.115152
2.7285e-05, 0.115664
2.7315e-05, 0.115863
2.7345e-05, 0.11571
2.73749e-05, 0.115178
2.74049e-05, 0.114257
2.74349e-05, 0.11295
2.74649e-05, 0.111279
2.74949e-05, 0.109284
2.75249e-05, 0.10702
2.75549e-05, 0.104562
2.75849e-05, 0.102002
2.76149e-05, 0.0994486
2.76449e-05, 0.0970217
2.76749e-05, 0.0948493
2.77049e-05, 0.0930591
2.77349e-05, 0.0917681
2.77649e-05, 0.0910714
2.77949e-05, 0.0910304
2.78249e-05, 0.0916651
2.78548e-05, 0.0929505
2.78848e-05, 0.09482
2.79148e-05, 0.0971732
2.79448e-05, 0.0998866
2.79748e-05, 0.102825
2.80048e-05, 0.10585
2.80348e-05, 0.108829
2.80648e-05, 0.111639
2.80948e-05, 0.11417
2.81248e-05, 0.116325
2.81548e-05, 0.118024
2.81848e-05, 0.119204
2.82148e-05, 0.119814
2.82448e-05, 0.119823
2.82748e-05, 0.119212
2.83048e-05, 0.117978
2.83347e-05, 0.116137
2.83647e-05, 0.113715
2.83947e-05, 0.110759
2.84247e-05, 0.10733
2.84547e-05, 0.103509
2.84847e-05, 0.0993949
2.85147e-05, 0.0951088
2.85447e-05, 0.0907946
2.85747e-05, 0.08662
2.86047e-05, 0.0827744
2.86347e-05, 0.0794623
2.86647e-05, 0.0768896
2.86947e-05, 0.0752403
2.87247e-05, 0.0746483
2.87547e-05, 0.0751709
2.87847e-05, 0.0767761
2.88146e-05, 0.0793488
2.88446e-05, 0.0827138
2.88746e-05, 0.0866633
2.89046e-05, 0.0909826
2.89346e-05, 0.0954662
2.89646e-05, 0.0999276
2.89946e-05, 0.104202
2.90246e-05, 0.108149
2.90546e-05, 0.111648
2.90846e-05, 0.114602
2.91146e-05, 0.116932
2.91446e-05, 0.118579
2.91746e-05, 0.119502
2.92046e-05, 0.119679
2.92346e-05, 0.119102
2.92646e-05, 0.117784
2.92945e-05, 0.115752
2.93245e-05, 0.113051
2.93545e-05, 0.109744
2.93845e-05, 0.105909
2.94145e-05, 0.101644
2.94445e-05, 0.0970643
2.94745e-05, 0.0923069
2.95045e-05, 0.087529
2.95345e-05, 0.0829094
2.95645e-05, 0.0786459
2.95945e-05, 0.0749477
2.96245e-05, 0.0720214
2.96545e-05, 0.0700465
2.96845e-05, 0.0691464
2.97145e-05, 0.069363
2.97445e-05, 0.0706464
2.97744e-05, 0.0728662
2.98044e-05, 0.0758384
2.98344e-05, 0.079356
2.98644e-05, 0.0832137
2.98944e-05, 0.0872228
2.99244e-05, 0.0912183
2.99544e-05, 0.0950601
2.99844e-05, 0.0986317
3.00144e-05, 0.101838
3.00444e-05, 0.104604
3.00744e-05, 0.106871
3.01044e-05, 0.108598
3.01344e-05, 0.109756
3.01644e-05, 0.110333
3.01944e-05, 0.110331
3.02244e-05, 0.109764
3.02543e-05, 0.10866
3.02843e-05, 0.107064
3.03143e-05, 0.105031
3.03443e-05, 0.102635
3.03743e-05, 0.0999601
3.04043e-05, 0.0971078
3.04343e-05, 0.094191
3.04643e-05, 0.0913334
3.04943e-05, 0.0886647
3.05243e-05, 0.0863146
3.05543e-05, 0.0844034
3.05843e-05, 0.0830315
3.06143e-05, 0.0822681
3.06443e-05, 0.0821422
3.06743e-05, 0.082639
3.07043e-05, 0.0837017
3.07342e-05, 0.0852393
3.07642e-05, 0.087138
3.07942e-05, 0.0892727
3.08242e-05, 0.0915179
3.08542e-05, 0.0937551
3.08842e-05, 0.0958784
3.09142e-05, 0.0977975
3.09442e-05, 0.0994391
3.09742e-05, 0.100748
3.10042e-05, 0.101685
3.10342e-05, 0.102229
3.10642e-05, 0.102374
3.10942e-05, 0.102131
3.11242e-05, 0.101523
3.11542e-05, 0.100586
3.11842e-05, 0.0993688
3.12141e-05, 0.0979308
3.12441e-05, 0.0963392
3.12741e-05, 0.0946676
3.13041e-05, 0.0929936
3.13341e-05, 0.0913947
3.13641e-05, 0.0899452
3.13941e-05, 0.0887115
3.14241e-05, 0.0877473
3.14541e-05, 0.0870905
3.14841e-05, 0.0867594
3.15141e-05, 0.0867516
3.15441e-05, 0.0870446
3.15741e-05, 0.0875979
3.16041e-05, 0.0883567
3.16341e-05, 0.0892566
3.16641e-05, 0.0902282
3.1694e-05, 0.0912012
3.1724e-05, 0.0921088
3.1754e-05, 0.09289
3.1784e-05, 0.0934925
3.1814e-05, 0.093874
3.1844e-05, 0.0940036
3.1874e-05, 0.0938624
3.1904e-05, 0.0934448
3.1934e-05, 0.0927581
3.1964e-05, 0.0918231
3.1994e-05, 0.0906742
3.2024e-05, 0.0893588
3.2054e-05, 0.0879369
3.2084e-05, 0.0864793
3.2114e-05, 0.0850655
3.2144e-05, 0.0837799
3.21739e-05, 0.0827074
3.22039e-05, 0.0819267
3.22339e-05, 0.081504
3.22639e-05, 0.0814862
3.22939e-05, 0.081895
3.23239e-05, 0.0827247
3.23539e-05, 0.0839418
3.23839e-05, 0.0854883
3.24139e-05, 0.0872873
3.24439e-05, 0.089249
3.24739e-05, 0.0912777
3.25039e-05, 0.0932767
3.25339e-05, 0.0951538
3.25639e-05, 0.0968243
3.25939e-05, 0.0982133
3.26239e-05, 0.099258
3.26538e-05, 0.0999083
3.26838e-05, 0.100128
3.27138e-05, 0.0998945
3.27438e-05, 0.0992008
3.27738e-05, 0.0980539
3.28038e-05, 0.0964761
3.28338e-05, 0.094505
3.28638e-05, 0.0921937
3.28938e-05, 0.0896108
3.29238e-05, 0.086841
3.29538e-05, 0.0839839
3.29838e-05, 0.0811536
3.30138e-05, 0.0784756
3.30438e-05, 0.076082
3.30738e-05, 0.0741039
3.31038e-05, 0.0726606
3.31337e-05, 0.0718461
3.31637e-05, 0.0717173
3.31937e-05, 0.0722849
3.32237e-05, 0.0735115
3.32537e-05, 0.0753178
3.32837e-05, 0.0775933
3.33137e-05, 0.0802097
3.33437e-05, 0.0830321
3.33737e-05, 0.0859285
3.34037e-05, 0.0887757
3.34337e-05, 0.0914623
3.34637e-05, 0.0938905
3.34937e-05, 0.0959768
3.35237e-05, 0.097652
3.35537e-05, 0.0988608
3.35837e-05, 0.0995626
3.36136e-05, 0.0997306
3.36436e-05, 0.0993522
3.36736e-05, 0.0984296
3.37036e-05, 0.0969799
3.37336e-05, 0.0950363
3.37636e-05, 0.0926482
3.37936e-05, 0.0898826
3.38236e-05, 0.0868254
3.38536e-05, 0.083582
3.38836e-05, 0.0802779
3.39136e-05, 0.0770581
3.39436e-05, 0.0740837
3.39736e-05, 0.0715244
3.40036e-05, 0.0695458
3.40336e-05, 0.0682912
3.40636e-05, 0.0678599
3.40935e-05, 0.0682895
3.41235e-05, 0.0695488
3.41535e-05, 0.0715434
3.41835e-05, 0.0741332
3.42135e-05, 0.0771527
3.42435e-05, 0.0804303
3.42735e-05, 0.0838015
3.43035e-05, 0.0871163
3.43335e-05, 0.0902431
3.43635e-05, 0.0930696
3.43935e-05, 0.0955025
3.44235e-05, 0.0974663
3.44535e-05, 0.0989031
3.44835e-05, 0.0997708
3.45135e-05, 0.100043
3.45435e-05, 0.0997075
3.45734e-05, 0.0987681
3.46034e-05, 0.0972423
3.46334e-05, 0.0951623
3.46634e-05, 0.0925756
3.46934e-05, 0.0895452
3.47234e-05, 0.0861507
3.47534e-05, 0.082489
3.47834e-05, 0.0786762
3.48134e-05, 0.0748476
3.48434e-05, 0.0711578
3.48734e-05, 0.0677771
3.49034e-05, 0.0648842
3.49334e-05, 0.0626511
3.49634e-05, 0.0612216
3.49934e-05, 0.0606869
3.50234e-05, 0.0610657
3.50533e-05, 0.0623
3.50833e-05, 0.0642671
3.51133e-05, 0.0668034
3.51433e-05, 0.069729
3.51733e-05, 0.0728681
3.52033e-05, 0.0760601
3.52333e-05, 0.0791652
3.52633e-05, 0.0820655
3.52933e-05, 0.0846641
3.53233e-05, 0.0868834
3.53533e-05, 0.0886631
3.53833e-05, 0.0899585
3.54133e-05, 0.0907389
3.54433e-05, 0.0909867
3.54733e-05, 0.0906968
3.55033e-05, 0.0898757
3.55332e-05, 0.0885415
3.55632e-05, 0.086724
3.55932e-05, 0.0844654
3.56232e-05, 0.0818205
3.56532e-05, 0.0788587
3.56832e-05, 0.0756644
3.57132e-05, 0.0723393
3.57432e-05, 0.0690035
3.57732e-05, 0.0657953
3.58032e-05, 0.0628691
3.58332e-05, 0.0603881
3.58632e-05, 0.0585116
3.58932e-05, 0.057374
3.59232e-05, 0.0570626
3.59532e-05, 0.0575982
3.59832e-05, 0.0589303
3.60131e-05, 0.0609473
3.60431e-05, 0.0634974
3.60731e-05, 0.0664116
3.61031e-05, 0.0695223
3.61331e-05, 0.0726743
3.61631e-05, 0.0757308
3.61931e-05, 0.078575
3.62231e-05, 0.0811105
3.62531e-05, 0.0832597
3.62831e-05, 0.0849633
3.63131e-05, 0.0861787
3.63431e-05, 0.0868792
3.63731e-05, 0.0870535
3.64031e-05, 0.0867048
3.64331e-05, 0.0858504
3.64631e-05, 0.0845213
3.6493e-05, 0.0827618
3.6523e-05, 0.0806294
3.6553e-05, 0.0781944
3.6583e-05, 0.0755397
3.6613e-05, 0.07276
3.6643e-05, 0.0699605
3.6673e-05, 0.0672552
3.6703e-05, 0.0647625
3.6733e-05, 0.0625991
3.6763e-05, 0.0608715
3.6793e-05, 0.0596649
3.6823e-05, 0.0590327
3.6853e-05, 0.0589885
3.6883e-05, 0.0595047
3.6913e-05, 0.0605162
3.6943e-05, 0.0619312
3.69729e-05, 0.0636427
3.70029e-05, 0.0655398
3.70329e-05, 0.0675158
3.70629e-05, 0.0694736
3.70929e-05, 0.0713289
3.71229e-05, 0.0730107
3.71529e-05, 0.0744621
3.71829e-05, 0.0756394
3.72129e-05, 0.0765118
3.72429e-05, 0.0770604
3.72729e-05, 0.0772787
3.73029e-05, 0.0771713
3.73329e-05, 0.0767541
3.73629e-05, 0.0760541
3.73929e-05, 0.0751091
3.74229e-05, 0.0739674
3.74528e-05, 0.0726872
3.74828e-05, 0.0713354
3.75128e-05, 0.0699858
3.75428e-05, 0.0687163
3.75728e-05, 0.067605
3.76028e-05, 0.0667251
3.76328e-05, 0.0661389
3.76628e-05, 0.0658917
3.76928e-05, 0.0660076
3.77228e-05, 0.0664856
3.77528e-05, 0.0673006
3.77828e-05, 0.0684053
3.78128e-05, 0.0697358
3.78428e-05, 0.0712174
3.78728e-05, 0.0727698
3.79028e-05, 0.0743133
3.79327e-05, 0.0757724
3.79627e-05, 0.0770789
3.79927e-05, 0.0781739
3.80227e-05, 0.0790094
3.80527e-05, 0.0795494
3.80827e-05, 0.0797701
3.81127e-05, 0.0796607
3.81427e-05, 0.0792234
3.81727e-05, 0.0784735
3.82027e-05, 0.0774398
3.82327e-05, 0.0761643
3.82627e-05, 0.0747016
3.82927e-05, 0.0731184
3.83227e-05, 0.0714916
3.83527e-05, 0.0699061
3.83827e-05, 0.0684508
3.84126e-05, 0.0672133
3.84426e-05, 0.0662731
3.84726e-05, 0.0656942
3.85026e-05, 0.0655179
3.85326e-05, 0.0657576
3.85626e-05, 0.0663971
3.85926e-05, 0.0673926
3.86226e-05, 0.0686772
3.86526e-05, 0.0701686
3.86826e-05, 0.0717757
3.87126e-05, 0.0734059
3.87426e-05, 0.0749696
3.87726e-05, 0.0763843
3.88026e-05, 0.0775765
3.88326e-05, 0.0784836
3.88626e-05, 0.0790548
3.88925e-05, 0.0792506
3.89225e-05, 0.079044
3.89525e-05, 0.0784201
3.89825e-05, 0.0773764
3.90125e-05, 0.0759229
3.90425e-05, 0.0740827
3.90725e-05, 0.0718922
3.91025e-05, 0.0694024
3.91325e-05, 0.0666793
3.91625e-05, 0.0638053
3.91925e-05, 0.06088
3.92225e-05, 0.0580203
3.92525e-05, 0.0553582
3.92825e-05, 0.0530361
3.93125e-05, 0.051196
3.93425e-05, 0.0499628
3.93724e-05, 0.0494241
3.94024e-05, 0.0496125
3.94324e-05, 0.0504968
3.94624e-05, 0.051989
3.94924e-05, 0.0539609
3.95224e-05, 0.0562648
3.95524e-05, 0.0587513
3.95824e-05, 0.0612812
3.96124e-05, 0.0637307
3.96424e-05, 0.0659943
3.96724e-05, 0.0679847
3.97024e-05, 0.0696313
3.97324e-05, 0.0708794
3.97624e-05, 0.0716887
3.97924e-05, 0.0720321
3.98224e-05, 0.0718949
3.98523e-05, 0.0712732
3.98823e-05, 0.0701741
3.99123e-05, 0.0686143
3.99423e-05, 0.0666201
3.99723e-05, 0.0642273
4.00023e-05, 0.0614811
4.00323e-05, 0.0584373
4.00623e-05, 0.0551632
4.00923e-05, 0.0517398
4.01223e-05, 0.0482655
4.01523e-05, 0.0448592
4.01823e-05, 0.0416648
4.02123e-05, 0.0388521
4.02423e-05, 0.0366102
4.02723e-05, 0.0351264
4.03023e-05, 0.0345468
4.03322e-05, 0.0349325
4.03622e-05, 0.0362366
4.03922e-05, 0.0383207
4.04222e-05, 0.0409972
4.04522e-05, 0.0440704
4.04822e-05, 0.0473614
4.05122e-05, 0.0507168
4.05422e-05, 0.0540087
4.05722e-05, 0.057131
4.06022e-05, 0.0599961
4.06322e-05, 0.0625315
4.06622e-05, 0.0646777
4.06922e-05, 0.0663869
4.07222e-05, 0.0676222
4.07522e-05, 0.0683571
4.07822e-05, 0.0685758
4.08121e-05, 0.0682724
4.08421e-05, 0.0674523
4.08721e-05, 0.0661312
4.09021e-05, 0.0643361
4.09321e-05, 0.0621055
4.09621e-05, 0.0594899
4.09921e-05, 0.0565524
4.10221e-05, 0.0533699
4.10521e-05, 0.0500345
4.10821e-05, 0.046656
4.11121e-05, 0.0433632
4.11421e-05, 0.0403057
4.11721e-05, 0.0376503
4.12021e-05, 0.0355703
4.12321e-05, 0.0342214
4.12621e-05, 0.0337073
4.1292e-05, 0.0340484
4.1322e-05, 0.0351744
4.1352e-05, 0.036948
4.1382e-05, 0.0392025
4.1412e-05, 0.0417744
4.1442e-05, 0.0445208
4.1472e-05, 0.0473247
4.1502e-05, 0.0500937
4.1532e-05, 0.0527552
4.1562e-05, 0.0552526
4.1592e-05, 0.0575408
4.1622e-05, 0.0595837
4.1652e-05, 0.0613519
4.1682e-05, 0.0628217
4.1712e-05, 0.0639737
4.1742e-05, 0.0647935
4.17719e-05, 0.0652714
4.18019e-05, 0.0654036
4.18319e-05, 0.0651928
4.18619e-05, 0.06465
4.18919e-05, 0.0637955
4.19219e-05, 0.0626606
4.19519e-05, 0.0612894
4.19819e-05, 0.0597394
4.20119e-05, 0.0580834
4.20419e-05, 0.0564081
4.20719e-05, 0.0548135
4.21019e-05, 0.0534079
4.21319e-05, 0.0523008
4.21619e-05, 0.0515921
4.21919e-05, 0.0513587
4.22219e-05, 0.0516429
4.22518e-05, 0.0524446
4.22818e-05, 0.0537213
4.23118e-05, 0.055395
4.23418e-05, 0.0573642
4.23718e-05, 0.0595161
4.24018e-05, 0.0617369
4.24318e-05, 0.0639195
4.24618e-05, 0.0659682
4.24918e-05, 0.0678011
4.25218e-05, 0.0693515
4.25518e-05, 0.0705676
4.25818e-05, 0.0714133
4.26118e-05, 0.0718669
4.26418e-05, 0.0719212
4.26718e-05, 0.0715826
4.27018e-05, 0.0708706
4.27317e-05, 0.0698168
4.27617e-05, 0.0684639
4.27917e-05, 0.066865
4.28217e-05, 0.0650818
4.28517e-05, 0.0631826
4.28817e-05, 0.0612406
4.29117e-05, 0.05933
4.29417e-05, 0.0575229
4.29717e-05, 0.0558846
4.30017e-05, 0.0544684
4.30317e-05, 0.0533114
4.30617e-05, 0.0524308
4.30917e-05, 0.0518222
4.31217e-05, 0.0514608
4.31517e-05, 0.0513045
4.31817e-05, 0.0512989
4.32116e-05, 0.0513832
4.32416e-05, 0.0514954
4.32716e-05, 0.0515771
4.33016e-05, 0.0515764
4.33316e-05, 0.0514502
4.33616e-05, 0.0511651
4.33916e-05, 0.0506979
4.34216e-05, 0.0500351
4.34516e-05, 0.0491729
4.34816e-05, 0.048116
4.35116e-05, 0.0468774
4.35416e-05, 0.0454772
4.35716e-05, 0.0439421
4.36016e-05, 0.0423049
4.36316e-05, 0.0406034
4.36616e-05, 0.0388801
4.36915e-05, 0.037181
4.37215e-05, 0.0355545
4.37515e-05, 0.0340502
4.37815e-05, 0.0327159
4.38115e-05, 0.0315951
4.38415e-05, 0.0307228
4.38715e-05, 0.0301224
4.39015e-05, 0.0298023
4.39315e-05, 0.029755
4.39615e-05, 0.0299582
4.39915e-05, 0.0303779
4.40215e-05, 0.0309729
4.40515e-05, 0.0316993
4.40815e-05, 0.0325134
4.41115e-05, 0.033375
4.41415e-05, 0.0342485
4.41714e-05, 0.0351032
4.42014e-05, 0.0359139
4.42314e-05, 0.03666
4.42614e-05, 0.0373256
4.42914e-05, 0.0378986
4.43214e-05, 0.0383702
4.43514e-05, 0.0387349
4.43814e-05, 0.0389895
4.44114e-05, 0.0391331
4.44414e-05, 0.0391668
4.44714e-05, 0.0390933
4.45014e-05, 0.0389165
4.45314e-05, 0.0386419
4.45614e-05, 0.0382759
4.45914e-05, 0.0378256
4.46214e-05, 0.037299
4.46513e-05, 0.0367048
4.46813e-05, 0.0360521
4.47113e-05, 0.0353501
4.47413e-05, 0.0346088
4.47713e-05, 0.0338378
4.48013e-05, 0.0330472
4.48313e-05, 0.0322467
4.48613e-05, 0.0314461
4.48913e-05, 0.0306546
4.49213e-05, 0.0298813
4.49513e-05, 0.0291344
4.49813e-05, 0.0284217
4.50113e-05, 0.0277501
4.50413e-05, 0.0271256
4.50713e-05, 0.026553
4.51013e-05, 0.0260362
4.51312e-05, 0.0255777
4.51612e-05, 0.0251789
4.51912e-05, 0.02484
4.52212e-05, 0.0245599
4.52512e-05, 0.0243365
4.52812e-05, 0.0241669
4.53112e-05, 0.0240474
4.53412e-05, 0.0239737
4.53712e-05, 0.0239411
4.54012e-05, 0.0239446
4.54312e-05, 0.0239793
4.54612e-05, 0.0240401
4.54912e-05, 0.0241224
4.55212e-05, 0.0242215
4.55512e-05, 0.0243331
4.55812e-05, 0.0244531
4.56111e-05, 0.0245779
4.56411e-05, 0.0247038
4.56711e-05, 0.0248279
4.57011e-05, 0.024947
4.57311e-05, 0.0250585
4.57611e-05, 0.0251598
4.57911e-05, 0.0252485
4.58211e-05, 0.0253223
4.58511e-05, 0.0253789
4.58811e-05, 0.0254165
4.59111e-05, 0.0254329
4.59411e-05, 0.0254263
4.59711e-05, 0.0253949
4.60011e-05, 0.0253369
4.60311e-05, 0.0252507
4.60611e-05, 0.0251347
4.6091e-05, 0.0249877
4.6121e-05, 0.0248082
4.6151e-05, 0.0245952
4.6181e-05, 0.0243478
4.6211e-05, 0.0240651
4.6241e-05, 0.0237467
4.6271e-05, 0.0233923
4.6301e-05, 0.0230017
4.6331e-05, 0.0225751
4.6361e-05, 0.0221129
4.6391e-05, 0.0216157
4.6421e-05, 0.0210844
4.6451e-05, 0.0205203
4.6481e-05, 0.0199247
4.6511e-05, 0.0192994
4.6541e-05, 0.0186463
4.65709e-05, 0.0179677
4.66009e-05, 0.0172661
4.66309e-05, 0.0165444
4.66609e-05, 0.0158056
4.66909e-05, 0.0150531
4.67209e-05, 0.0142909
4.67509e-05, 0.0135229
4.67809e-05, 0.0127538
4.68109e-05, 0.0119889
4.68409e-05, 0.0112337
4.68709e-05, 0.0104948
4.69009e-05, 0.00977945
4.69309e-05, 0.00909605
4.69609e-05, 0.00845407
4.69909e-05, 0.00786413
4.70209e-05, 0.00733789
4.70508e-05, 0.00688749
4.70808e-05, 0.00652463
4.71108e-05, 0.00625881
4.71408e-05, 0.00609557
4.71708e-05, 0.00603479
4.72008e-05, 0.00607013
4.72308e-05, 0.0061899
4.72608e-05, 0.00637895
4.72908e-05, 0.006621
4.73208e-05, 0.00690031
4.73508e-05, 0.00720276
4.73808e-05, 0.00751626
4.74108e-05, 0.00783084
4.74408e-05, 0.00813837
4.74708e-05, 0.00843232
4.75008e-05, 0.00870747
4.75307e-05, 0.00895976
4.75607e-05, 0.009186
4.75907e-05, 0.00938367
4.76207e-05, 0.00955094
4.76507e-05, 0.00968641
4.76807e-05, 0.00978918
4.77107e-05, 0.00985868
4.77407e-05, 0.00989463
4.77707e-05, 0.00989713
4.78007e-05, 0.00986648
4.78307e-05, 0.00980315
4.78607e-05, 0.0097079
4.78907e-05, 0.00958165
4.79207e-05, 0.00942547
4.79507e-05, 0.0092406
4.79807e-05, 0.00902838
4.80106e-05, 0.00879035
4.80406e-05, 0.00852808
4.80706e-05, 0.00824319
4.81006e-05, 0.00793747
4.81306e-05, 0.00761266
4.81606e-05, 0.00727058
4.81906e-05, 0.00691311
4.82206e-05, 0.00654203
4.82506e-05, 0.00615927
4.82806e-05, 0.00576662
4.83106e-05, 0.00536589
4.83406e-05, 0.0049589
4.83706e-05, 0.00454741
4.84006e-05, 0.00413321
4.84306e-05, 0.00371799
4.84606e-05, 0.00330349
4.84905e-05, 0.0028915
4.85205e-05, 0.00248372
4.85505e-05, 0.00208217
4.85805e-05, 0.00168929
4.86105e-05, 0.00130854
4.86405e-05, 0.000946719
4.86705e-05, 0.000622436
4.87005e-05, 0.000405834
4.87305e-05, 0.000452789
4.87605e-05, 0.000695602
4.87905e-05, 0.000987803
4.88205e-05, 0.00128648
4.88505e-05, 0.00157999
4.88805e-05, 0.00186419
4.89105e-05, 0.00213749
4.89405e-05, 0.00239913
4.89704e-05, 0.00264906
4.90004e-05, 0.00288753
4.90304e-05, 0.00311497
4.90604e-05, 0.00333213
4.90904e-05, 0.00353986
4.91204e-05, 0.00373922
4.91504e-05, 0.0039314
4.91804e-05, 0.00411764
4.92104e-05, 0.00429938
4.92404e-05, 0.00447802
4.92704e-05, 0.00465506
4.93004e-05, 0.00483202
4.93304e-05, 0.00501033
4.93604e-05, 0.00519143
4.93904e-05, 0.00537667
4.94204e-05, 0.00556726
4.94503e-05, 0.00576428
4.94803e-05, 0.00596865
4.95103e-05, 0.00618105
4.95403e-05, 0.00640207
4.95703e-05, 0.00663197
4.96003e-05, 0.0068709
4.96303e-05, 0.0071188
4.96603e-05, 0.00737541
4.96903e-05, 0.00764032
4.97203e-05, 0.00791289
4.97503e-05, 0.00819246
4.97803e-05, 0.00847814
4.98103e-05, 0.00876899
4.98403e-05, 0.00906403
4.98703e-05, 0.0093621
4.99003e-05, 0.00966212
4.99302e-05, 0.0099629
4.99602e-05, 0.0102632
4.99902e-05, 0.0105618
5.00202e-05, 0.0108574
5.00502e-05, 0.011149
5.00802e-05, 0.0114352
5.01102e-05, 0.011715
5.01402e-05, 0.0119872
5.01702e-05, 0.0122508
5.02002e-05, 0.0125046
5.02302e-05, 0.0127477
5.02602e-05, 0.0129792
5.02902e-05, 0.0131982
5.03202e-05, 0.0134039
5.03502e-05, 0.0135956
5.03802e-05, 0.0137725
5.04101e-05, 0.013934
5.04401e-05, 0.0140795
5.04701e-05, 0.0142086
5.05001e-05, 0.0143207
5.05301e-05, 0.0144156
5.05601e-05, 0.0144928
5.05901e-05, 0.014552
5.06201e-05, 0.0145932
5.06501e-05, 0.0146161
5.06801e-05, 0.0146207
5.07101e-05, 0.0146069
5.07401e-05, 0.0145749
5.07701e-05, 0.0145247
5.08001e-05, 0.0144566
5.08301e-05, 0.0143707
5.08601e-05, 0.0142675
5.089e-05, 0.0141471
5.092e-05, 0.0140101


