

x(m), Y
-9.00747e-06, 0.015073
-8.97748e-06, 0.0158621
-8.94748e-06, 0.0168088
-8.91749e-06, 0.0179058
-8.88749e-06, 0.0191403
-8.8575e-06, 0.0204948
-8.82751e-06, 0.0219464
-8.79751e-06, 0.023468
-8.76752e-06, 0.0250284
-8.73753e-06, 0.0265933
-8.70753e-06, 0.0281266
-8.67754e-06, 0.0295921
-8.64754e-06, 0.0309554
-8.61755e-06, 0.0321863
-8.58756e-06, 0.0332616
-8.55756e-06, 0.0341675
-8.52757e-06, 0.0349026
-8.49758e-06, 0.0354799
-8.46758e-06, 0.0359285
-8.43759e-06, 0.0362939
-8.40759e-06, 0.0366361
-8.3776e-06, 0.0370262
-8.34761e-06, 0.0375383
-8.31761e-06, 0.0382408
-8.28762e-06, 0.0391851
-8.25763e-06, 0.0403973
-8.22763e-06, 0.0418727
-8.19764e-06, 0.0435764
-8.16764e-06, 0.0454488
-8.13765e-06, 0.0474135
-8.10766e-06, 0.0493868
-8.07766e-06, 0.0512856
-8.04767e-06, 0.0530347
-8.01768e-06, 0.0545714
-7.98768e-06, 0.0558493
-7.95769e-06, 0.0568406
-7.92769e-06, 0.0575366
-7.8977e-06, 0.0579479
-7.86771e-06, 0.0581032
-7.83771e-06, 0.0580463
-7.80772e-06, 0.0578332
-7.77773e-06, 0.057527
-7.74773e-06, 0.0571925
-7.71774e-06, 0.0568903
-7.68774e-06, 0.0566708
-7.65775e-06, 0.0565703
-7.62776e-06, 0.056608
-7.59776e-06, 0.0567855
-7.56777e-06, 0.0570897
-7.53778e-06, 0.0574963
-7.50778e-06, 0.0579742
-7.47779e-06, 0.058491
-7.44779e-06, 0.0590156
-7.4178e-06, 0.0595207
-7.38781e-06, 0.0599836
-7.35781e-06, 0.0603855
-7.32782e-06, 0.0607097
-7.29783e-06, 0.0609402
-7.26783e-06, 0.0610596
-7.23784e-06, 0.0610479
-7.20784e-06, 0.0608824
-7.17785e-06, 0.0605387
-7.14786e-06, 0.0599916
-7.11786e-06, 0.0592186
-7.08787e-06, 0.0582027
-7.05788e-06, 0.0569352
-7.02788e-06, 0.05542
-6.99789e-06, 0.053675
-6.96789e-06, 0.0517353
-6.9379e-06, 0.0496538
-6.90791e-06, 0.0475003
-6.87791e-06, 0.0453599
-6.84792e-06, 0.0433271
-6.81793e-06, 0.041497
-6.78793e-06, 0.0399536
-6.75794e-06, 0.0387558
-6.72794e-06, 0.0379239
-6.69795e-06, 0.0374336
-6.66796e-06, 0.0372178
-6.63796e-06, 0.0371781
-6.60797e-06, 0.0371997
-6.57798e-06, 0.0371678
-6.54798e-06, 0.0369793
-6.51799e-06, 0.03655
-6.48799e-06, 0.0358193
-6.458e-06, 0.0347504
-6.42801e-06, 0.0333299
-6.39801e-06, 0.0315667
-6.36802e-06, 0.029489
-6.33803e-06, 0.0271433
-6.30803e-06, 0.024592
-6.27804e-06, 0.0219135
-6.24804e-06, 0.0192025
-6.21805e-06, 0.0165739
-6.18806e-06, 0.0141698
-6.15806e-06, 0.0121649
-6.12807e-06, 0.0107545
-6.09808e-06, 0.0100878
-6.06808e-06, 0.0101582
-6.03809e-06, 0.0107768
-6.00809e-06, 0.0116844
-5.9781e-06, 0.0126616
-5.94811e-06, 0.0135588
-5.91811e-06, 0.0142839
-5.88812e-06, 0.0147842
-5.85813e-06, 0.0150333
-5.82813e-06, 0.015024
-5.79814e-06, 0.0147646
-5.76814e-06, 0.0142777
-5.73815e-06, 0.0136012
-5.70816e-06, 0.0127911
-5.67816e-06, 0.0119255
-5.64817e-06, 0.0111083
-5.61818e-06, 0.0104671
-5.58818e-06, 0.0101347
-5.55819e-06, 0.0102072
-5.52819e-06, 0.0107
-5.4982e-06, 0.0115399
-5.46821e-06, 0.0126025
-5.43821e-06, 0.013755
-5.40822e-06, 0.0148803
-5.37823e-06, 0.0158848
-5.34823e-06, 0.0166982
-5.31824e-06, 0.0172739
-5.28824e-06, 0.0175882
-5.25825e-06, 0.017642
-5.22826e-06, 0.0174634
-5.19826e-06, 0.0171099
-5.16827e-06, 0.0166708
-5.13828e-06, 0.0162648
-5.10828e-06, 0.0160287
-5.07829e-06, 0.0160929
-5.04829e-06, 0.0165442
-5.0183e-06, 0.0173971
-4.98831e-06, 0.018591
-4.95831e-06, 0.0200131
-4.92832e-06, 0.0215296
-4.89833e-06, 0.0230094
-4.86833e-06, 0.024336
-4.83834e-06, 0.0254133
-4.80834e-06, 0.0261676
-4.77835e-06, 0.026548
-4.74836e-06, 0.0265273
-4.71836e-06, 0.0261017
-4.68837e-06, 0.0252918
-4.65838e-06, 0.0241429
-4.62838e-06, 0.0227263
-4.59839e-06, 0.02114
-4.56839e-06, 0.0195098
-4.5384e-06, 0.0179868
-4.50841e-06, 0.0167365
-4.47841e-06, 0.0159101
-4.44842e-06, 0.0155991
-4.41843e-06, 0.0157945
-4.38843e-06, 0.0163892
-4.35844e-06, 0.017222
-4.32845e-06, 0.0181294
-4.29845e-06, 0.0189764
-4.26846e-06, 0.0196665
-4.23846e-06, 0.0201401
-4.20847e-06, 0.0203709
-4.17848e-06, 0.0203604
-4.14848e-06, 0.0201334
-4.11849e-06, 0.0197333
-4.0885e-06, 0.019217
-4.0585e-06, 0.0186486
-4.02851e-06, 0.0180928
-3.99851e-06, 0.0176061
-3.96852e-06, 0.01723
-3.93853e-06, 0.0169854
-3.90853e-06, 0.0168726
-3.87854e-06, 0.0168756
-3.84855e-06, 0.0169705
-3.81855e-06, 0.0171348
-3.78856e-06, 0.0173545
-3.75856e-06, 0.0176275
-3.72857e-06, 0.0179636
-3.69858e-06, 0.0183803
-3.66858e-06, 0.0188973
-3.63859e-06, 0.019529
-3.6086e-06, 0.0202792
-3.5786e-06, 0.0211378
-3.54861e-06, 0.0220816
-3.51861e-06, 0.0230775
-3.48862e-06, 0.0240871
-3.45863e-06, 0.0250723
-3.42863e-06, 0.0259993
-3.39864e-06, 0.0268419
-3.36865e-06, 0.0275833
-3.33865e-06, 0.0282162
-3.30866e-06, 0.0287418
-3.27866e-06, 0.0291677
-3.24867e-06, 0.0295043
-3.21868e-06, 0.0297618
-3.18868e-06, 0.0299455
-3.15869e-06, 0.030054
-3.1287e-06, 0.0300768
-3.0987e-06, 0.0299946
-3.06871e-06, 0.0297808
-3.03871e-06, 0.0294048
-3.00872e-06, 0.0288365
-2.97873e-06, 0.0280506
-2.94873e-06, 0.0270322
-2.91874e-06, 0.0257819
-2.88875e-06, 0.0243215
-2.85875e-06, 0.0227008
-2.82876e-06, 0.021005
-2.79876e-06, 0.0193637
-2.76877e-06, 0.0179554
-2.73878e-06, 0.0169957
-2.70878e-06, 0.0166887
-2.67879e-06, 0.0171446
-2.6488e-06, 0.018322
-2.6188e-06, 0.0200556
-2.58881e-06, 0.0221336
-2.55881e-06, 0.024357
-2.52882e-06, 0.0265626
-2.49883e-06, 0.0286231
-2.46883e-06, 0.0304425
-2.43884e-06, 0.0319498
-2.40885e-06, 0.0330949
-2.37885e-06, 0.0338454
-2.34886e-06, 0.0341827
-2.31886e-06, 0.034101
-2.28887e-06, 0.0336041
-2.25888e-06, 0.0327037
-2.22888e-06, 0.0314176
-2.19889e-06, 0.029768
-2.1689e-06, 0.0277807
-2.1389e-06, 0.0254844
-2.10891e-06, 0.0229112
-2.07891e-06, 0.0200981
-2.04892e-06, 0.0170915
-2.01893e-06, 0.0139554
-1.98893e-06, 0.0107971
-1.95894e-06, 0.00784497
-1.92895e-06, 0.00570533
-1.89895e-06, 0.00558372
-1.86896e-06, 0.00757873
-1.83896e-06, 0.0104691
-1.80897e-06, 0.01357
-1.77898e-06, 0.0166078
-1.74898e-06, 0.0194402
-1.71899e-06, 0.0219708
-1.689e-06, 0.0241254
-1.659e-06, 0.0258446
-1.62901e-06, 0.0270831
-1.59901e-06, 0.0278101
-1.56902e-06, 0.0280109
-1.53903e-06, 0.0276894
-1.50903e-06, 0.0268695
-1.47904e-06, 0.0255996
-1.44905e-06, 0.0239566
-1.41905e-06, 0.0220535
-1.38906e-06, 0.0200517
-1.35906e-06, 0.0181747
-1.32907e-06, 0.016714
-1.29908e-06, 0.0159894
-1.26908e-06, 0.0162284
-1.23909e-06, 0.0174321
-1.2091e-06, 0.0193874
-1.1791e-06, 0.0218036
-1.14911e-06, 0.0244197
-1.11911e-06, 0.0270349
-1.08912e-06, 0.0295021
-1.05913e-06, 0.0317144
-1.02913e-06, 0.0335942
-9.99139e-07, 0.0350857
-9.69145e-07, 0.0361502
-9.39152e-07, 0.0367621
-9.09158e-07, 0.0369065
-8.79164e-07, 0.036577
-8.4917e-07, 0.0357746
-8.19177e-07, 0.0345064
-7.89183e-07, 0.0327856
-7.59189e-07, 0.0306317
-7.29195e-07, 0.028072
-6.99202e-07, 0.0251452
-6.69208e-07, 0.021907
-6.39214e-07, 0.0184448
-6.0922e-07, 0.0149123
-5.79227e-07, 0.0116227
-5.49233e-07, 0.00927013
-5.19239e-07, 0.0089948
-4.89245e-07, 0.0111303
-4.59252e-07, 0.0147055
-4.29258e-07, 0.0188851
-3.99264e-07, 0.0232574
-3.6927e-07, 0.0276081
-3.39277e-07, 0.0318034
-3.09283e-07, 0.0357471
-2.79289e-07, 0.0393648
-2.49295e-07, 0.0425991
-2.19302e-07, 0.0454069
-1.89308e-07, 0.0477588
-1.59314e-07, 0.0496398
-1.2932e-07, 0.0510478
-9.93266e-08, 0.0519945
-6.93329e-08, 0.0525038
-3.93392e-08, 0.052612
-9.3454e-09, 0.0523662
2.06483e-08, 0.0518237
5.06421e-08, 0.0510515
8.06358e-08, 0.0501246
1.1063e-07, 0.0491259
1.40623e-07, 0.048144
1.70617e-07, 0.0472711
2.00611e-07, 0.0465996
2.30605e-07, 0.0462159
2.60598e-07, 0.0461933
2.90592e-07, 0.0465844
3.20586e-07, 0.0474137
3.5058e-07, 0.0486752
3.80573e-07, 0.0503321
4.10567e-07, 0.0523224
4.40561e-07, 0.0545653
4.70555e-07, 0.0569688
5.00548e-07, 0.0594368
5.30542e-07, 0.0618734
5.60536e-07, 0.0641881
5.9053e-07, 0.0662975
6.20523e-07, 0.0681282
6.50517e-07, 0.0696181
6.80511e-07, 0.0707168
7.10505e-07, 0.0713867
7.40498e-07, 0.0716025
7.70492e-07, 0.0713512
8.00486e-07, 0.0706313
8.3048e-07, 0.0694514
8.60473e-07, 0.0678294
8.90467e-07, 0.0657905
9.20461e-07, 0.0633669
9.50455e-07, 0.0605962
9.80448e-07, 0.0575214
1.01044e-06, 0.0541919
1.04044e-06, 0.0506652
1.07043e-06, 0.047011
1.10042e-06, 0.0433175
1.13042e-06, 0.0397002
1.16041e-06, 0.0363136
1.1904e-06, 0.0333614
1.2204e-06, 0.0310964
1.25039e-06, 0.0297896
1.28039e-06, 0.0296542
1.31038e-06, 0.0307554
1.34037e-06, 0.0329789
1.37037e-06, 0.0360885
1.40036e-06, 0.0398144
1.43035e-06, 0.0439104
1.46035e-06, 0.0481731
1.49034e-06, 0.0524404
1.52034e-06, 0.0565848
1.55033e-06, 0.0605063
1.58032e-06, 0.0641278
1.61032e-06, 0.0673914
1.64031e-06, 0.0702563
1.6703e-06, 0.0726972
1.7003e-06, 0.0747027
1.73029e-06, 0.0762737
1.76029e-06, 0.0774224
1.79028e-06, 0.0781704
1.82027e-06, 0.0785472
1.85027e-06, 0.0785884
1.88026e-06, 0.0783343
1.91025e-06, 0.0778285
1.94025e-06, 0.0771158
1.97024e-06, 0.0762419
2.00024e-06, 0.0752514
2.03023e-06, 0.0741872
2.06022e-06, 0.0730889
2.09022e-06, 0.071992
2.12021e-06, 0.0709269
2.1502e-06, 0.069917
2.1802e-06, 0.0689782
2.21019e-06, 0.0681181
2.24019e-06, 0.0673352
2.27018e-06, 0.0666196
2.30017e-06, 0.0659538
2.33017e-06, 0.0653144
2.36016e-06, 0.0646742
2.39015e-06, 0.0640049
2.42015e-06, 0.0632805
2.45014e-06, 0.0624788
2.48014e-06, 0.0615853
2.51013e-06, 0.0605946
2.54012e-06, 0.0595124
2.57012e-06, 0.0583571
2.60011e-06, 0.0571602
2.6301e-06, 0.0559669
2.6601e-06, 0.0548356
2.69009e-06, 0.0538361
2.72009e-06, 0.0530468
2.75008e-06, 0.0525494
2.78007e-06, 0.0524228
2.81007e-06, 0.0527339
2.84006e-06, 0.0535303
2.87005e-06, 0.0548337
2.90005e-06, 0.0566363
2.93004e-06, 0.0589023
2.96004e-06, 0.0615717
2.99003e-06, 0.064566
3.02002e-06, 0.0677944
3.05002e-06, 0.0711587
3.08001e-06, 0.0745578
3.11e-06, 0.0778907
3.14e-06, 0.0810588
3.16999e-06, 0.0839684
3.19999e-06, 0.0865322
3.22998e-06, 0.0886712
3.25997e-06, 0.0903166
3.28997e-06, 0.0914103
3.31996e-06, 0.0919074
3.34995e-06, 0.0917758
3.37995e-06, 0.0909976
3.40994e-06, 0.0895691
3.43994e-06, 0.0875
3.46993e-06, 0.0848137
3.49992e-06, 0.0815459
3.52992e-06, 0.0777441
3.55991e-06, 0.0734667
3.5899e-06, 0.0687835
3.6199e-06, 0.0637762
3.64989e-06, 0.0585423
3.67989e-06, 0.0532006
3.70988e-06, 0.0479028
3.73987e-06, 0.0428511
3.76987e-06, 0.038322
3.79986e-06, 0.0346854
3.82985e-06, 0.0323821
3.85985e-06, 0.0318038
3.88984e-06, 0.033095
3.91984e-06, 0.036063
3.94983e-06, 0.0403051
3.97982e-06, 0.0453959
4.00982e-06, 0.0509824
4.03981e-06, 0.0567955
4.0698e-06, 0.0626306
4.0998e-06, 0.0683283
4.12979e-06, 0.0737598
4.15979e-06, 0.0788191
4.18978e-06, 0.0834181
4.21977e-06, 0.0874845
4.24977e-06, 0.0909602
4.27976e-06, 0.0938019
4.30975e-06, 0.0959801
4.33975e-06, 0.0974787
4.36974e-06, 0.0982951
4.39974e-06, 0.0984388
4.42973e-06, 0.0979309
4.45972e-06, 0.0968025
4.48972e-06, 0.0950936
4.51971e-06, 0.0928519
4.5497e-06, 0.0901321
4.5797e-06, 0.086995
4.60969e-06, 0.0835079
4.63969e-06, 0.0797447
4.66968e-06, 0.0757875
4.69967e-06, 0.0717287
4.72967e-06, 0.0676728
4.75966e-06, 0.0637395
4.78965e-06, 0.0600643
4.81965e-06, 0.0567965
4.84964e-06, 0.0540924
4.87964e-06, 0.0520992
4.90963e-06, 0.0509324
4.93962e-06, 0.05065
4.96962e-06, 0.0512364
4.99961e-06, 0.0526036
5.0296e-06, 0.0546101
5.0596e-06, 0.0570879
5.08959e-06, 0.059867
5.11959e-06, 0.0627918
5.14958e-06, 0.0657294
5.17957e-06, 0.0685718
5.20957e-06, 0.0712359
5.23956e-06, 0.0736609
5.26955e-06, 0.0758064
5.29955e-06, 0.0776495
5.32954e-06, 0.0791825
5.35954e-06, 0.0804105
5.38953e-06, 0.0813493
5.41952e-06, 0.0820233
5.44952e-06, 0.0824633
5.47951e-06, 0.0827047
5.5095e-06, 0.0827857
5.5395e-06, 0.0827456
5.56949e-06, 0.0826228
5.59949e-06, 0.082453
5.62948e-06, 0.0822677
5.65947e-06, 0.0820927
5.68947e-06, 0.0819465
5.71946e-06, 0.081839
5.74945e-06, 0.0817715
5.77945e-06, 0.0817363
5.80944e-06, 0.0817171
5.83944e-06, 0.0816909
5.86943e-06, 0.0816292
5.89942e-06, 0.0815009
5.92942e-06, 0.0812745
5.95941e-06, 0.080921
5.9894e-06, 0.0804163
6.0194e-06, 0.0797439
6.04939e-06, 0.0788964
6.07939e-06, 0.077878
6.10938e-06, 0.0767048
6.13937e-06, 0.0754061
6.16937e-06, 0.0740245
6.19936e-06, 0.0726156
6.22935e-06, 0.0712464
6.25935e-06, 0.0699936
6.28934e-06, 0.0689402
6.31934e-06, 0.0681701
6.34933e-06, 0.0677626
6.37932e-06, 0.0677848
6.40932e-06, 0.0682851
6.43931e-06, 0.0692872
6.4693e-06, 0.0707873
6.4993e-06, 0.0727546
6.52929e-06, 0.0751334
6.55929e-06, 0.0778489
6.58928e-06, 0.0808124
6.61927e-06, 0.0839261
6.64927e-06, 0.0870884
6.67926e-06, 0.0901969
6.70925e-06, 0.0931519
6.73925e-06, 0.095858
6.76924e-06, 0.0982269
6.79924e-06, 0.100179
6.82923e-06, 0.101643
6.85922e-06, 0.102561
6.88922e-06, 0.102888
6.91921e-06, 0.102592
6.9492e-06, 0.101654
6.9792e-06, 0.100074
7.00919e-06, 0.0978627
7.03919e-06, 0.0950512
7.06918e-06, 0.0916846
7.09917e-06, 0.0878257
7.12917e-06, 0.0835554
7.15916e-06, 0.0789749
7.18915e-06, 0.0742088
7.21915e-06, 0.0694093
7.24914e-06, 0.0647615
7.27914e-06, 0.0604873
7.30913e-06, 0.0568436
7.33912e-06, 0.0541059
7.36912e-06, 0.0525303
7.39911e-06, 0.0522946
7.4291e-06, 0.0534444
7.4591e-06, 0.0558777
7.48909e-06, 0.059381
7.51909e-06, 0.0636875
7.54908e-06, 0.0685286
7.57907e-06, 0.0736605
7.60907e-06, 0.078874
7.63906e-06, 0.0839932
7.66905e-06, 0.0888716
7.69905e-06, 0.0933878
7.72904e-06, 0.0974419
7.75904e-06, 0.100953
7.78903e-06, 0.103858
7.81902e-06, 0.10611
7.84902e-06, 0.107676
7.87901e-06, 0.108539
7.909e-06, 0.108695
7.939e-06, 0.10815
7.96899e-06, 0.106926
7.99899e-06, 0.10505
8.02898e-06, 0.102563
8.05897e-06, 0.099511
8.08897e-06, 0.0959509
8.11896e-06, 0.0919475
8.14895e-06, 0.0875759
8.17895e-06, 0.0829238
8.20894e-06, 0.0780953
8.23894e-06, 0.0732152
8.26893e-06, 0.0684351
8.29892e-06, 0.063939
8.32892e-06, 0.059945
8.35891e-06, 0.0566983
8.3889e-06, 0.0544465
8.4189e-06, 0.0533947
8.44889e-06, 0.0536505
8.47889e-06, 0.0551879
8.50888e-06, 0.0578535
8.53887e-06, 0.0614118
8.56887e-06, 0.0655993
8.59886e-06, 0.0701631
8.62885e-06, 0.0748821
8.65885e-06, 0.0795716
8.68884e-06, 0.0840824
8.71884e-06, 0.0882972
8.74883e-06, 0.0921264
8.77882e-06, 0.0955044
8.80882e-06, 0.0983868
8.83881e-06, 0.100748
8.8688e-06, 0.102578
8.8988e-06, 0.103882
8.92879e-06, 0.104677
8.95879e-06, 0.104988
8.98878e-06, 0.104852
9.01877e-06, 0.104311
9.04877e-06, 0.103411
9.07876e-06, 0.102204
9.10875e-06, 0.100743
9.13875e-06, 0.099085
9.16874e-06, 0.0972851
9.19874e-06, 0.0953998
9.22873e-06, 0.0934833
9.25872e-06, 0.0915874
9.28872e-06, 0.0897594
9.31871e-06, 0.0880402
9.3487e-06, 0.0864634
9.3787e-06, 0.085053
9.40869e-06, 0.0838233
9.43868e-06, 0.0827776
9.46868e-06, 0.0819101
9.49867e-06, 0.0812066
9.52867e-06, 0.0806474
9.55866e-06, 0.0802098
9.58865e-06, 0.0798716
9.61865e-06, 0.079614
9.64864e-06, 0.0794244
9.67863e-06, 0.0792979
9.70863e-06, 0.0792385
9.73862e-06, 0.0792595
9.76862e-06, 0.0793825
9.79861e-06, 0.0796358
9.8286e-06, 0.0800518
9.8586e-06, 0.0806638
9.88859e-06, 0.0815026
9.91858e-06, 0.0825929
9.94858e-06, 0.0839502
9.97857e-06, 0.0855778
1.00086e-05, 0.087466
1.00386e-05, 0.0895911
1.00686e-05, 0.091916
1.00985e-05, 0.0943919
1.01285e-05, 0.09696
1.01585e-05, 0.0995537
1.01885e-05, 0.102102
1.02185e-05, 0.104529
1.02485e-05, 0.106762
1.02785e-05, 0.108727
1.03085e-05, 0.110355
1.03385e-05, 0.111584
1.03685e-05, 0.112357
1.03985e-05, 0.11263
1.04285e-05, 0.112365
1.04585e-05, 0.111539
1.04885e-05, 0.11014
1.05185e-05, 0.10817
1.05485e-05, 0.105643
1.05784e-05, 0.102591
1.06084e-05, 0.0990563
1.06384e-05, 0.0951016
1.06684e-05, 0.090805
1.06984e-05, 0.0862648
1.07284e-05, 0.0816025
1.07584e-05, 0.0769663
1.07884e-05, 0.072535
1.08184e-05, 0.0685198
1.08484e-05, 0.0651595
1.08784e-05, 0.0627037
1.09084e-05, 0.0613788
1.09384e-05, 0.0613427
1.09684e-05, 0.0626428
1.09984e-05, 0.0652039
1.10284e-05, 0.0688499
1.10583e-05, 0.0733469
1.10883e-05, 0.0784441
1.11183e-05, 0.0839008
1.11483e-05, 0.089499
1.11783e-05, 0.0950472
1.12083e-05, 0.100379
1.12383e-05, 0.105353
1.12683e-05, 0.109848
1.12983e-05, 0.113763
1.13283e-05, 0.117015
1.13583e-05, 0.119543
1.13883e-05, 0.121302
1.14183e-05, 0.122263
1.14483e-05, 0.122419
1.14783e-05, 0.121776
1.15083e-05, 0.120359
1.15382e-05, 0.118206
1.15682e-05, 0.11537
1.15982e-05, 0.111919
1.16282e-05, 0.107933
1.16582e-05, 0.103506
1.16882e-05, 0.0987428
1.17182e-05, 0.0937654
1.17482e-05, 0.0887111
1.17782e-05, 0.0837354
1.18082e-05, 0.0790132
1.18382e-05, 0.0747382
1.18682e-05, 0.0711158
1.18982e-05, 0.0683477
1.19282e-05, 0.0666066
1.19582e-05, 0.0660035
1.19882e-05, 0.0665617
1.20181e-05, 0.0682085
1.20481e-05, 0.0707911
1.20781e-05, 0.0741068
1.21081e-05, 0.0779353
1.21381e-05, 0.082063
1.21681e-05, 0.0862966
1.21981e-05, 0.0904686
1.22281e-05, 0.0944383
1.22581e-05, 0.0980911
1.22881e-05, 0.101336
1.23181e-05, 0.104105
1.23481e-05, 0.106349
1.23781e-05, 0.108039
1.24081e-05, 0.109163
1.24381e-05, 0.109726
1.24681e-05, 0.109748
1.2498e-05, 0.109264
1.2528e-05, 0.108322
1.2558e-05, 0.10698
1.2588e-05, 0.105309
1.2618e-05, 0.10339
1.2648e-05, 0.10131
1.2678e-05, 0.0991647
1.2708e-05, 0.0970496
1.2738e-05, 0.0950616
1.2768e-05, 0.0932919
1.2798e-05, 0.0918211
1.2828e-05, 0.0907132
1.2858e-05, 0.0900103
1.2888e-05, 0.0897286
1.2918e-05, 0.0898572
1.2948e-05, 0.0903585
1.29779e-05, 0.0911732
1.30079e-05, 0.0922252
1.30379e-05, 0.0934294
1.30679e-05, 0.0946975
1.30979e-05, 0.0959443
1.31279e-05, 0.0970927
1.31579e-05, 0.0980767
1.31879e-05, 0.0988439
1.32179e-05, 0.0993571
1.32479e-05, 0.0995946
1.32779e-05, 0.0995501
1.33079e-05, 0.0992329
1.33379e-05, 0.0986661
1.33679e-05, 0.0978866
1.33979e-05, 0.0969425
1.34279e-05, 0.0958923
1.34578e-05, 0.094802
1.34878e-05, 0.0937428
1.35178e-05, 0.0927879
1.35478e-05, 0.0920084
1.35778e-05, 0.0914691
1.36078e-05, 0.091224
1.36378e-05, 0.0913117
1.36678e-05, 0.0917524
1.36978e-05, 0.0925451
1.37278e-05, 0.0936679
1.37578e-05, 0.0950788
1.37878e-05, 0.0967191
1.38178e-05, 0.0985171
1.38478e-05, 0.100393
1.38778e-05, 0.102264
1.39078e-05, 0.104046
1.39377e-05, 0.105661
1.39677e-05, 0.107037
1.39977e-05, 0.108113
1.40277e-05, 0.108839
1.40577e-05, 0.109178
1.40877e-05, 0.109107
1.41177e-05, 0.108619
1.41477e-05, 0.107723
1.41777e-05, 0.106442
1.42077e-05, 0.104817
1.42377e-05, 0.102903
1.42677e-05, 0.100769
1.42977e-05, 0.0985019
1.43277e-05, 0.096197
1.43577e-05, 0.0939614
1.43877e-05, 0.0919082
1.44176e-05, 0.0901512
1.44476e-05, 0.0887971
1.44776e-05, 0.0879377
1.45076e-05, 0.0876401
1.45376e-05, 0.0879399
1.45676e-05, 0.0888358
1.45976e-05, 0.0902901
1.46276e-05, 0.0922325
1.46576e-05, 0.0945675
1.46876e-05, 0.0971829
1.47176e-05, 0.0999584
1.47476e-05, 0.102773
1.47776e-05, 0.105509
1.48076e-05, 0.108061
1.48376e-05, 0.110331
1.48676e-05, 0.112238
1.48975e-05, 0.113714
1.49275e-05, 0.114707
1.49575e-05, 0.115182
1.49875e-05, 0.11512
1.50175e-05, 0.114517
1.50475e-05, 0.113388
1.50775e-05, 0.111764
1.51075e-05, 0.109691
1.51375e-05, 0.107233
1.51675e-05, 0.104471
1.51975e-05, 0.101499
1.52275e-05, 0.0984287
1.52575e-05, 0.0953845
1.52875e-05, 0.0925017
1.53175e-05, 0.0899215
1.53475e-05, 0.0877833
1.53774e-05, 0.0862136
1.54074e-05, 0.0853142
1.54374e-05, 0.085149
1.54674e-05, 0.0857353
1.54974e-05, 0.087041
1.55274e-05, 0.0889889
1.55574e-05, 0.0914665
1.55874e-05, 0.0943389
1.56174e-05, 0.097461
1.56474e-05, 0.100688
1.56774e-05, 0.103882
1.57074e-05, 0.106918
1.57374e-05, 0.109686
1.57674e-05, 0.112091
1.57974e-05, 0.114057
1.58274e-05, 0.115524
1.58573e-05, 0.116451
1.58873e-05, 0.11681
1.59173e-05, 0.116595
1.59473e-05, 0.115811
1.59773e-05, 0.114483
1.60073e-05, 0.112649
1.60373e-05, 0.110362
1.60673e-05, 0.107694
1.60973e-05, 0.104727
1.61273e-05, 0.101562
1.61573e-05, 0.0983145
1.61873e-05, 0.0951124
1.62173e-05, 0.0920954
1.62473e-05, 0.0894093
1.62773e-05, 0.0871979
1.63073e-05, 0.0855912
1.63372e-05, 0.084692
1.63672e-05, 0.0845617
1.63972e-05, 0.0852116
1.64272e-05, 0.0865999
1.64572e-05, 0.0886375
1.64872e-05, 0.0911996
1.65172e-05, 0.0941402
1.65472e-05, 0.0973053
1.65772e-05, 0.100544
1.66072e-05, 0.103715
1.66372e-05, 0.106695
1.66672e-05, 0.109373
1.66972e-05, 0.111664
1.67272e-05, 0.113496
1.67572e-05, 0.114821
1.67872e-05, 0.115607
1.68171e-05, 0.115841
1.68471e-05, 0.115529
1.68771e-05, 0.114691
1.69071e-05, 0.113364
1.69371e-05, 0.1116
1.69671e-05, 0.109465
1.69971e-05, 0.107036
1.70271e-05, 0.104403
1.70571e-05, 0.101667
1.70871e-05, 0.0989341
1.71171e-05, 0.096319
1.71471e-05, 0.0939357
1.71771e-05, 0.0918941
1.72071e-05, 0.0902923
1.72371e-05, 0.0892087
1.72671e-05, 0.0886942
1.7297e-05, 0.0887663
1.7327e-05, 0.0894071
1.7357e-05, 0.0905647
1.7387e-05, 0.0921593
1.7417e-05, 0.094091
1.7447e-05, 0.0962485
1.7477e-05, 0.0985176
1.7507e-05, 0.100788
1.7537e-05, 0.102957
1.7567e-05, 0.104935
1.7597e-05, 0.106647
1.7627e-05, 0.108033
1.7657e-05, 0.10905
1.7687e-05, 0.109672
1.7717e-05, 0.109887
1.7747e-05, 0.109704
1.77769e-05, 0.109142
1.78069e-05, 0.108239
1.78369e-05, 0.107046
1.78669e-05, 0.105626
1.78969e-05, 0.104054
1.79269e-05, 0.102414
1.79569e-05, 0.100795
1.79869e-05, 0.0992903
1.80169e-05, 0.0979904
1.80469e-05, 0.0969782
1.80769e-05, 0.0963234
1.81069e-05, 0.096076
1.81369e-05, 0.0962623
1.81669e-05, 0.0968816
1.81969e-05, 0.0979065
1.82269e-05, 0.0992853
1.82568e-05, 0.100946
1.82868e-05, 0.102803
1.83168e-05, 0.104762
1.83468e-05, 0.106727
1.83768e-05, 0.108606
1.84068e-05, 0.110313
1.84368e-05, 0.111771
1.84668e-05, 0.112917
1.84968e-05, 0.113703
1.85268e-05, 0.114094
1.85568e-05, 0.114071
1.85868e-05, 0.113635
1.86168e-05, 0.112799
1.86468e-05, 0.111595
1.86768e-05, 0.11007
1.87068e-05, 0.108289
1.87367e-05, 0.106327
1.87667e-05, 0.104276
1.87967e-05, 0.102236
1.88267e-05, 0.100313
1.88567e-05, 0.0986169
1.88867e-05, 0.0972502
1.89167e-05, 0.0963046
1.89467e-05, 0.095851
1.89767e-05, 0.0959325
1.90067e-05, 0.0965602
1.90367e-05, 0.0977114
1.90667e-05, 0.0993315
1.90967e-05, 0.10134
1.91267e-05, 0.103638
1.91567e-05, 0.106113
1.91867e-05, 0.108652
1.92166e-05, 0.11114
1.92466e-05, 0.113472
1.92766e-05, 0.115551
1.93066e-05, 0.117293
1.93366e-05, 0.118629
1.93666e-05, 0.119504
1.93966e-05, 0.119879
1.94266e-05, 0.119735
1.94566e-05, 0.119066
1.94866e-05, 0.117886
1.95166e-05, 0.116226
1.95466e-05, 0.114135
1.95766e-05, 0.111681
1.96066e-05, 0.108947
1.96366e-05, 0.106036
1.96666e-05, 0.103066
1.96965e-05, 0.100168
1.97265e-05, 0.0974844
1.97565e-05, 0.0951586
1.97865e-05, 0.0933288
1.98165e-05, 0.0921145
1.98465e-05, 0.0916037
1.98765e-05, 0.0918422
1.99065e-05, 0.0928265
1.99365e-05, 0.0945041
1.99665e-05, 0.0967809
1.99965e-05, 0.0995314
2.00265e-05, 0.102612
2.00565e-05, 0.105872
2.00865e-05, 0.109163
2.01165e-05, 0.112346
2.01465e-05, 0.115293
2.01764e-05, 0.117894
2.02064e-05, 0.120052
2.02364e-05, 0.12169
2.02664e-05, 0.122747
2.02964e-05, 0.123182
2.03264e-05, 0.122967
2.03564e-05, 0.122097
2.03864e-05, 0.12058
2.04164e-05, 0.118445
2.04464e-05, 0.115737
2.04764e-05, 0.112519
2.05064e-05, 0.108872
2.05364e-05, 0.104898
2.05664e-05, 0.100715
2.05964e-05, 0.0964642
2.06264e-05, 0.0923037
2.06563e-05, 0.0884095
2.06863e-05, 0.0849677
2.07163e-05, 0.0821637
2.07463e-05, 0.0801645
2.07763e-05, 0.0790976
2.08063e-05, 0.0790295
2.08363e-05, 0.0799535
2.08663e-05, 0.0817908
2.08963e-05, 0.0844047
2.09263e-05, 0.0876227
2.09563e-05, 0.0912581
2.09863e-05, 0.0951267
2.10163e-05, 0.0990584
2.10463e-05, 0.102902
2.10763e-05, 0.106526
2.11063e-05, 0.109823
2.11362e-05, 0.112704
2.11662e-05, 0.115097
2.11962e-05, 0.116951
2.12262e-05, 0.118229
2.12562e-05, 0.118911
2.12862e-05, 0.11899
2.13162e-05, 0.118473
2.13462e-05, 0.117381
2.13762e-05, 0.115746
2.14062e-05, 0.113614
2.14362e-05, 0.111044
2.14662e-05, 0.108105
2.14962e-05, 0.104881
2.15262e-05, 0.101472
2.15562e-05, 0.0979866
2.15862e-05, 0.0945502
2.16161e-05, 0.0912977
2.16461e-05, 0.0883705
2.16761e-05, 0.0859096
2.17061e-05, 0.0840435
2.17361e-05, 0.0828757
2.17661e-05, 0.0824707
2.17961e-05, 0.0828444
2.18261e-05, 0.0839605
2.18561e-05, 0.0857361
2.18861e-05, 0.088053
2.19161e-05, 0.0907721
2.19461e-05, 0.0937469
2.19761e-05, 0.096835
2.20061e-05, 0.0999054
2.20361e-05, 0.102843
2.20661e-05, 0.10555
2.2096e-05, 0.107951
2.2126e-05, 0.109985
2.2156e-05, 0.111612
2.2186e-05, 0.11281
2.2216e-05, 0.113573
2.2246e-05, 0.113908
2.2276e-05, 0.113838
2.2306e-05, 0.113398
2.2336e-05, 0.112633
2.2366e-05, 0.111597
2.2396e-05, 0.110351
2.2426e-05, 0.108961
2.2456e-05, 0.107496
2.2486e-05, 0.106023
2.2516e-05, 0.104607
2.2546e-05, 0.103306
2.25759e-05, 0.10217
2.26059e-05, 0.101236
2.26359e-05, 0.100526
2.26659e-05, 0.100049
2.26959e-05, 0.0997976
2.27259e-05, 0.0997486
2.27559e-05, 0.0998684
2.27859e-05, 0.100114
2.28159e-05, 0.100436
2.28459e-05, 0.100785
2.28759e-05, 0.101112
2.29059e-05, 0.101373
2.29359e-05, 0.101532
2.29659e-05, 0.101562
2.29959e-05, 0.10145
2.30259e-05, 0.101193
2.30558e-05, 0.100802
2.30858e-05, 0.100301
2.31158e-05, 0.0997289
2.31458e-05, 0.0991333
2.31758e-05, 0.0985724
2.32058e-05, 0.0981105
2.32358e-05, 0.0978143
2.32658e-05, 0.0977478
2.32958e-05, 0.0979675
2.33258e-05, 0.0985165
2.33558e-05, 0.0994206
2.33858e-05, 0.100684
2.34158e-05, 0.102289
2.34458e-05, 0.104197
2.34758e-05, 0.106347
2.35058e-05, 0.108666
2.35357e-05, 0.111069
2.35657e-05, 0.113462
2.35957e-05, 0.115752
2.36257e-05, 0.117846
2.36557e-05, 0.119658
2.36857e-05, 0.121108
2.37157e-05, 0.122126
2.37457e-05, 0.122656
2.37757e-05, 0.122653
2.38057e-05, 0.122087
2.38357e-05, 0.120945
2.38657e-05, 0.119228
2.38957e-05, 0.116957
2.39257e-05, 0.114168
2.39557e-05, 0.110916
2.39857e-05, 0.107276
2.40156e-05, 0.103343
2.40456e-05, 0.0992305
2.40756e-05, 0.0950755
2.41056e-05, 0.0910343
2.41356e-05, 0.0872814
2.41656e-05, 0.0840025
2.41956e-05, 0.0813834
2.42256e-05, 0.0795917
2.42556e-05, 0.0787551
2.42856e-05, 0.0789402
2.43156e-05, 0.0801408
2.43456e-05, 0.0822793
2.43756e-05, 0.0852209
2.44056e-05, 0.0887955
2.44356e-05, 0.0928185
2.44656e-05, 0.0971068
2.44955e-05, 0.101488
2.45255e-05, 0.105807
2.45555e-05, 0.109925
2.45855e-05, 0.113722
2.46155e-05, 0.117095
2.46455e-05, 0.119954
2.46755e-05, 0.122229
2.47055e-05, 0.123862
2.47355e-05, 0.12481
2.47655e-05, 0.125045
2.47955e-05, 0.124553
2.48255e-05, 0.123336
2.48555e-05, 0.121412
2.48855e-05, 0.118814
2.49155e-05, 0.115593
2.49455e-05, 0.111818
2.49754e-05, 0.107579
2.50054e-05, 0.102985
2.50354e-05, 0.0981687
2.50654e-05, 0.0932889
2.50954e-05, 0.0885295
2.51254e-05, 0.0840982
2.51554e-05, 0.0802203
2.51854e-05, 0.0771226
2.52154e-05, 0.0750085
2.52454e-05, 0.0740251
2.52754e-05, 0.0742329
2.53054e-05, 0.0755908
2.53354e-05, 0.0779657
2.53654e-05, 0.0811603
2.53954e-05, 0.0849481
2.54254e-05, 0.0891016
2.54553e-05, 0.0934106
2.54853e-05, 0.0976913
2.55153e-05, 0.101788
2.55453e-05, 0.105574
2.55753e-05, 0.108946
2.56053e-05, 0.111824
2.56353e-05, 0.114151
2.56653e-05, 0.115884
2.56953e-05, 0.117001
2.57253e-05, 0.117491
2.57553e-05, 0.11736
2.57853e-05, 0.116627
2.58153e-05, 0.115323
2.58453e-05, 0.11349
2.58753e-05, 0.111186
2.59053e-05, 0.108476
2.59352e-05, 0.105443
2.59652e-05, 0.102178
2.59952e-05, 0.098788
2.60252e-05, 0.0953901
2.60552e-05, 0.0921125
2.60852e-05, 0.0890894
2.61152e-05, 0.0864559
2.61452e-05, 0.0843378
2.61752e-05, 0.0828406
2.62052e-05, 0.0820366
2.62352e-05, 0.0819554
2.62652e-05, 0.0825781
2.62952e-05, 0.0838402
2.63252e-05, 0.0856404
2.63552e-05, 0.0878528
2.63852e-05, 0.0903406
2.64151e-05, 0.0929669
2.64451e-05, 0.0956033
2.64751e-05, 0.0981357
2.65051e-05, 0.100466
2.65351e-05, 0.102517
2.65651e-05, 0.104226
2.65951e-05, 0.105551
2.66251e-05, 0.106469
2.66551e-05, 0.10697
2.66851e-05, 0.107064
2.67151e-05, 0.106771
2.67451e-05, 0.106128
2.67751e-05, 0.105181
2.68051e-05, 0.10399
2.68351e-05, 0.102618
2.68651e-05, 0.101139
2.6895e-05, 0.0996282
2.6925e-05, 0.098161
2.6955e-05, 0.0968099
2.6985e-05, 0.0956399
2.7015e-05, 0.0947048
2.7045e-05, 0.094043
2.7075e-05, 0.0936754
2.7105e-05, 0.0936032
2.7135e-05, 0.0938088
2.7165e-05, 0.0942572
2.7195e-05, 0.094899
2.7225e-05, 0.0956749
2.7255e-05, 0.0965201
2.7285e-05, 0.0973682
2.7315e-05, 0.0981559
2.7345e-05, 0.0988257
2.73749e-05, 0.0993288
2.74049e-05, 0.0996272
2.74349e-05, 0.0996951
2.74649e-05, 0.0995203
2.74949e-05, 0.0991043
2.75249e-05, 0.098463
2.75549e-05, 0.0976267
2.75849e-05, 0.0966389
2.76149e-05, 0.0955557
2.76449e-05, 0.0944438
2.76749e-05, 0.0933774
2.77049e-05, 0.0924346
2.77349e-05, 0.0916922
2.77649e-05, 0.0912207
2.77949e-05, 0.0910772
2.78249e-05, 0.0913007
2.78548e-05, 0.0919072
2.78848e-05, 0.0928877
2.79148e-05, 0.0942088
2.79448e-05, 0.095815
2.79748e-05, 0.0976334
2.80048e-05, 0.0995792
2.80348e-05, 0.101561
2.80648e-05, 0.103485
2.80948e-05, 0.105263
2.81248e-05, 0.10681
2.81548e-05, 0.108052
2.81848e-05, 0.108925
2.82148e-05, 0.109378
2.82448e-05, 0.109372
2.82748e-05, 0.108884
2.83048e-05, 0.107904
2.83347e-05, 0.106439
2.83647e-05, 0.104509
2.83947e-05, 0.102153
2.84247e-05, 0.0994227
2.84547e-05, 0.0963889
2.84847e-05, 0.0931389
2.85147e-05, 0.0897774
2.85447e-05, 0.0864262
2.85747e-05, 0.0832226
2.86047e-05, 0.0803159
2.86347e-05, 0.07786
2.86647e-05, 0.0760022
2.86947e-05, 0.074868
2.87247e-05, 0.0745445
2.87547e-05, 0.0750667
2.87847e-05, 0.0764114
2.88146e-05, 0.0785016
2.88446e-05, 0.0812186
2.88746e-05, 0.0844177
2.89046e-05, 0.0879441
2.89346e-05, 0.0916436
2.89646e-05, 0.0953702
2.89946e-05, 0.0989908
2.90246e-05, 0.102386
2.90546e-05, 0.105451
2.90846e-05, 0.108097
2.91146e-05, 0.110247
2.91446e-05, 0.11184
2.91746e-05, 0.11283
2.92046e-05, 0.113184
2.92346e-05, 0.112885
2.92646e-05, 0.111928
2.92945e-05, 0.110327
2.93245e-05, 0.108109
2.93545e-05, 0.105322
2.93845e-05, 0.102026
2.94145e-05, 0.0983053
2.94445e-05, 0.0942605
2.94745e-05, 0.0900149
2.95045e-05, 0.0857137
2.95345e-05, 0.081524
2.95645e-05, 0.077632
2.95945e-05, 0.0742357
2.96245e-05, 0.0715299
2.96545e-05, 0.0696848
2.96845e-05, 0.0688185
2.97145e-05, 0.0689735
2.97445e-05, 0.0701075
2.97744e-05, 0.0721024
2.98044e-05, 0.0747875
2.98344e-05, 0.0779682
2.98644e-05, 0.0814495
2.98944e-05, 0.0850511
2.99244e-05, 0.0886149
2.99544e-05, 0.0920077
2.99844e-05, 0.0951201
3.00144e-05, 0.0978648
3.00444e-05, 0.100174
3.00744e-05, 0.101998
3.01044e-05, 0.103302
3.01344e-05, 0.104067
3.01644e-05, 0.104283
3.01944e-05, 0.103957
3.02244e-05, 0.103103
3.02543e-05, 0.101749
3.02843e-05, 0.0999315
3.03143e-05, 0.0977005
3.03443e-05, 0.0951164
3.03743e-05, 0.0922528
3.04043e-05, 0.089196
3.04343e-05, 0.0860461
3.04643e-05, 0.0829167
3.04943e-05, 0.0799329
3.05243e-05, 0.0772277
3.05543e-05, 0.0749352
3.05843e-05, 0.0731792
3.06143e-05, 0.0720606
3.06443e-05, 0.0716428
3.06743e-05, 0.0719414
3.07043e-05, 0.072921
3.07342e-05, 0.0744997
3.07642e-05, 0.0765614
3.07942e-05, 0.0789701
3.08242e-05, 0.0815835
3.08542e-05, 0.0842638
3.08842e-05, 0.0868849
3.09142e-05, 0.0893362
3.09442e-05, 0.0915249
3.09742e-05, 0.0933764
3.10042e-05, 0.0948342
3.10342e-05, 0.0958597
3.10642e-05, 0.0964311
3.10942e-05, 0.0965428
3.11242e-05, 0.0962046
3.11542e-05, 0.0954406
3.11842e-05, 0.0942884
3.12141e-05, 0.0927983
3.12441e-05, 0.0910317
3.12741e-05, 0.0890601
3.13041e-05, 0.0869632
3.13341e-05, 0.0848267
3.13641e-05, 0.0827393
3.13941e-05, 0.080789
3.14241e-05, 0.0790586
3.14541e-05, 0.0776203
3.14841e-05, 0.0765306
3.15141e-05, 0.0758251
3.15441e-05, 0.0755157
3.15741e-05, 0.0755894
3.16041e-05, 0.0760106
3.16341e-05, 0.0767244
3.16641e-05, 0.0776629
3.1694e-05, 0.0787505
3.1724e-05, 0.07991
3.1754e-05, 0.0810668
3.1784e-05, 0.082153
3.1814e-05, 0.0831093
3.1844e-05, 0.0838868
3.1874e-05, 0.0844485
3.1904e-05, 0.0847689
3.1934e-05, 0.084835
3.1964e-05, 0.0846458
3.1994e-05, 0.0842127
3.2024e-05, 0.0835589
3.2054e-05, 0.0827189
3.2084e-05, 0.081738
3.2114e-05, 0.0806712
3.2144e-05, 0.0795812
3.21739e-05, 0.0785365
3.22039e-05, 0.0776078
3.22339e-05, 0.076864
3.22639e-05, 0.0763673
3.22939e-05, 0.0761678
3.23239e-05, 0.0762994
3.23539e-05, 0.0767755
3.23839e-05, 0.0775876
3.24139e-05, 0.0787062
3.24439e-05, 0.0800828
3.24739e-05, 0.0816544
3.25039e-05, 0.0833482
3.25339e-05, 0.0850868
3.25639e-05, 0.0867919
3.25939e-05, 0.0883887
3.26239e-05, 0.0898085
3.26538e-05, 0.0909908
3.26838e-05, 0.0918852
3.27138e-05, 0.0924525
3.27438e-05, 0.0926652
3.27738e-05, 0.0925089
3.28038e-05, 0.0919821
3.28338e-05, 0.0910968
3.28638e-05, 0.0898785
3.28938e-05, 0.0883664
3.29238e-05, 0.0866133
3.29538e-05, 0.0846848
3.29838e-05, 0.0826584
3.30138e-05, 0.0806218
3.30438e-05, 0.0786701
3.30738e-05, 0.0769017
3.31038e-05, 0.0754122
3.31337e-05, 0.0742878
3.31637e-05, 0.0735969
3.31937e-05, 0.0733833
3.32237e-05, 0.0736606
3.32537e-05, 0.0744112
3.32837e-05, 0.0755881
3.33137e-05, 0.0771204
3.33437e-05, 0.0789213
3.33737e-05, 0.0808951
3.34037e-05, 0.0829441
3.34337e-05, 0.084974
3.34637e-05, 0.0868972
3.34937e-05, 0.0886353
3.35237e-05, 0.0901206
3.35537e-05, 0.0912962
3.35837e-05, 0.0921172
3.36136e-05, 0.0925503
3.36436e-05, 0.092574
3.36736e-05, 0.092179
3.37036e-05, 0.0913684
3.37336e-05, 0.0901577
3.37636e-05, 0.0885759
3.37936e-05, 0.0866656
3.38236e-05, 0.0844835
3.38536e-05, 0.0821012
3.38836e-05, 0.0796055
3.39136e-05, 0.077097
3.39436e-05, 0.0746893
3.39736e-05, 0.0725042
3.40036e-05, 0.0706656
3.40336e-05, 0.0692893
3.40636e-05, 0.0684709
3.40935e-05, 0.0682731
3.41235e-05, 0.0687162
3.41535e-05, 0.0697741
3.41835e-05, 0.0713785
3.42135e-05, 0.0734282
3.42435e-05, 0.0758018
3.42735e-05, 0.0783693
3.43035e-05, 0.081002
3.43335e-05, 0.0835793
3.43635e-05, 0.0859921
3.43935e-05, 0.0881457
3.44235e-05, 0.0899601
3.44535e-05, 0.0913704
3.44835e-05, 0.0923265
3.45135e-05, 0.0927932
3.45435e-05, 0.0927493
3.45734e-05, 0.0921877
3.46034e-05, 0.0911154
3.46334e-05, 0.089553
3.46634e-05, 0.0875352
3.46934e-05, 0.085111
3.47234e-05, 0.0823442
3.47534e-05, 0.0793141
3.47834e-05, 0.0761159
3.48134e-05, 0.0728615
3.48434e-05, 0.0696785
3.48734e-05, 0.0667084
3.49034e-05, 0.0641003
3.49334e-05, 0.0620011
3.49634e-05, 0.0605399
3.49934e-05, 0.0598098
3.50234e-05, 0.0598508
3.50533e-05, 0.0606419
3.50833e-05, 0.0621042
3.51133e-05, 0.0641153
3.51433e-05, 0.0665285
3.51733e-05, 0.0691898
3.52033e-05, 0.0719511
3.52333e-05, 0.074678
3.52633e-05, 0.077253
3.52933e-05, 0.0795771
3.53233e-05, 0.0815687
3.53533e-05, 0.0831635
3.53833e-05, 0.0843128
3.54133e-05, 0.0849827
3.54433e-05, 0.0851533
3.54733e-05, 0.0848175
3.55033e-05, 0.083981
3.55332e-05, 0.0826612
3.55632e-05, 0.0808877
3.55932e-05, 0.0787017
3.56232e-05, 0.0761565
3.56532e-05, 0.0733184
3.56832e-05, 0.070267
3.57132e-05, 0.0670969
3.57432e-05, 0.0639187
3.57732e-05, 0.060859
3.58032e-05, 0.0580592
3.58332e-05, 0.0556703
3.58632e-05, 0.0538415
3.58932e-05, 0.0527033
3.59232e-05, 0.052346
3.59532e-05, 0.0528014
3.59832e-05, 0.0540356
3.60131e-05, 0.055956
3.60431e-05, 0.0584299
3.60731e-05, 0.0613052
3.61031e-05, 0.0644282
3.61331e-05, 0.0676541
3.61631e-05, 0.0708527
3.61931e-05, 0.0739104
3.62231e-05, 0.0767304
3.62531e-05, 0.0792314
3.62831e-05, 0.0813471
3.63131e-05, 0.0830258
3.63431e-05, 0.0842291
3.63731e-05, 0.0849324
3.64031e-05, 0.0851241
3.64331e-05, 0.0848062
3.64631e-05, 0.0839939
3.6493e-05, 0.0827159
3.6523e-05, 0.0810145
3.6553e-05, 0.0789457
3.6583e-05, 0.0765792
3.6613e-05, 0.0739981
3.6643e-05, 0.0712983
3.6673e-05, 0.0685872
3.6703e-05, 0.0659812
3.6733e-05, 0.0636008
3.6763e-05, 0.0615632
3.6793e-05, 0.0599732
3.6823e-05, 0.0589114
3.6853e-05, 0.058423
3.6883e-05, 0.0585118
3.6913e-05, 0.0591395
3.6943e-05, 0.0602326
3.69729e-05, 0.0616932
3.70029e-05, 0.0634121
3.70329e-05, 0.065279
3.70629e-05, 0.0671907
3.70929e-05, 0.0690555
3.71229e-05, 0.0707954
3.71529e-05, 0.0723464
3.71829e-05, 0.0736587
3.72129e-05, 0.0746951
3.72429e-05, 0.0754309
3.72729e-05, 0.0758522
3.73029e-05, 0.0759557
3.73329e-05, 0.0757478
3.73629e-05, 0.075244
3.73929e-05, 0.0744691
3.74229e-05, 0.0734562
3.74528e-05, 0.0722472
3.74828e-05, 0.070892
3.75128e-05, 0.0694479
3.75428e-05, 0.0679788
3.75728e-05, 0.0665533
3.76028e-05, 0.0652421
3.76328e-05, 0.0641145
3.76628e-05, 0.0632334
3.76928e-05, 0.0626509
3.77228e-05, 0.0624024
3.77528e-05, 0.0625029
3.77828e-05, 0.0629454
3.78128e-05, 0.0637013
3.78428e-05, 0.064723
3.78728e-05, 0.0659491
3.79028e-05, 0.0673097
3.79327e-05, 0.0687313
3.79627e-05, 0.0701416
3.79927e-05, 0.0714732
3.80227e-05, 0.0726657
3.80527e-05, 0.0736678
3.80827e-05, 0.0744388
3.81127e-05, 0.0749486
3.81427e-05, 0.0751787
3.81727e-05, 0.0751225
3.82027e-05, 0.0747848
3.82327e-05, 0.0741826
3.82627e-05, 0.0733441
3.82927e-05, 0.0723088
3.83227e-05, 0.0711265
3.83527e-05, 0.0698564
3.83827e-05, 0.0685648
3.84126e-05, 0.0673227
3.84426e-05, 0.0662023
3.84726e-05, 0.0652719
3.85026e-05, 0.0645909
3.85326e-05, 0.0642042
3.85626e-05, 0.0641373
3.85926e-05, 0.0643936
3.86226e-05, 0.0649536
3.86526e-05, 0.0657769
3.86826e-05, 0.0668064
3.87126e-05, 0.0679734
3.87426e-05, 0.0692033
3.87726e-05, 0.0704199
3.88026e-05, 0.0715504
3.88326e-05, 0.072528
3.88626e-05, 0.0732937
3.88925e-05, 0.0737986
3.89225e-05, 0.0740042
3.89525e-05, 0.0738834
3.89825e-05, 0.0734206
3.90125e-05, 0.0726126
3.90425e-05, 0.0714683
3.90725e-05, 0.0700092
3.91025e-05, 0.0682701
3.91325e-05, 0.066299
3.91625e-05, 0.064158
3.91925e-05, 0.0619227
3.92225e-05, 0.0596823
3.92525e-05, 0.0575377
3.92825e-05, 0.0555977
3.93125e-05, 0.0539731
3.93425e-05, 0.0527666
3.93724e-05, 0.0520608
3.94024e-05, 0.0519062
3.94324e-05, 0.0523119
3.94624e-05, 0.0532442
3.94924e-05, 0.0546313
3.95224e-05, 0.0563753
3.95524e-05, 0.0583634
3.95824e-05, 0.0604802
3.96124e-05, 0.0626146
3.96424e-05, 0.0646656
3.96724e-05, 0.0665441
3.97024e-05, 0.0681744
3.97324e-05, 0.069494
3.97624e-05, 0.0704536
3.97924e-05, 0.0710164
3.98224e-05, 0.0711575
3.98523e-05, 0.0708638
3.98823e-05, 0.0701331
3.99123e-05, 0.0689742
3.99423e-05, 0.067406
3.99723e-05, 0.0654583
4.00023e-05, 0.0631711
4.00323e-05, 0.0605952
4.00623e-05, 0.0577926
4.00923e-05, 0.0548379
4.01223e-05, 0.0518191
4.01523e-05, 0.0488393
4.01823e-05, 0.0460174
4.02123e-05, 0.0434864
4.02423e-05, 0.041388
4.02723e-05, 0.03986
4.03023e-05, 0.0390157
4.03322e-05, 0.0389207
4.03622e-05, 0.0395764
4.03922e-05, 0.0409189
4.04222e-05, 0.0428361
4.04522e-05, 0.0451905
4.04822e-05, 0.0478406
4.05122e-05, 0.0506538
4.05422e-05, 0.0535121
4.05722e-05, 0.0563131
4.06022e-05, 0.0589696
4.06322e-05, 0.0614069
4.06622e-05, 0.0635616
4.06922e-05, 0.0653806
4.07222e-05, 0.0668196
4.07522e-05, 0.0678437
4.07822e-05, 0.0684262
4.08121e-05, 0.0685498
4.08421e-05, 0.0682062
4.08721e-05, 0.0673969
4.09021e-05, 0.0661338
4.09321e-05, 0.0644395
4.09621e-05, 0.062348
4.09921e-05, 0.0599056
4.10221e-05, 0.0571716
4.10521e-05, 0.0542193
4.10821e-05, 0.0511371
4.11121e-05, 0.0480295
4.11421e-05, 0.0450175
4.11721e-05, 0.0422368
4.12021e-05, 0.0398328
4.12321e-05, 0.0379477
4.12621e-05, 0.0367007
4.1292e-05, 0.0361634
4.1322e-05, 0.0363409
4.1352e-05, 0.0371703
4.1382e-05, 0.038537
4.1412e-05, 0.0403024
4.1442e-05, 0.0423275
4.1472e-05, 0.0444886
4.1502e-05, 0.0466836
4.1532e-05, 0.0488322
4.1562e-05, 0.0508738
4.1592e-05, 0.052764
4.1622e-05, 0.0544711
4.1652e-05, 0.0559728
4.1682e-05, 0.057254
4.1712e-05, 0.0583041
4.1742e-05, 0.0591161
4.17719e-05, 0.0596852
4.18019e-05, 0.0600089
4.18319e-05, 0.0600869
4.18619e-05, 0.059922
4.18919e-05, 0.0595211
4.19219e-05, 0.0588965
4.19519e-05, 0.0580683
4.19819e-05, 0.0570652
4.20119e-05, 0.0559268
4.20419e-05, 0.0547044
4.20719e-05, 0.053462
4.21019e-05, 0.0522748
4.21319e-05, 0.0512266
4.21619e-05, 0.0504048
4.21919e-05, 0.0498921
4.22219e-05, 0.0497567
4.22518e-05, 0.0500424
4.22818e-05, 0.050761
4.23118e-05, 0.0518902
4.23418e-05, 0.053376
4.23718e-05, 0.0551404
4.24018e-05, 0.0570909
4.24318e-05, 0.0591291
4.24618e-05, 0.0611584
4.24918e-05, 0.0630895
4.25218e-05, 0.0648433
4.25518e-05, 0.0663537
4.25818e-05, 0.0675681
4.26118e-05, 0.0684485
4.26418e-05, 0.068971
4.26718e-05, 0.0691261
4.27018e-05, 0.068918
4.27317e-05, 0.0683641
4.27617e-05, 0.0674941
4.27917e-05, 0.0663489
4.28217e-05, 0.0649794
4.28517e-05, 0.0634443
4.28817e-05, 0.0618083
4.29117e-05, 0.0601393
4.29417e-05, 0.0585047
4.29717e-05, 0.0569676
4.30017e-05, 0.0555826
4.30317e-05, 0.0543915
4.30617e-05, 0.05342
4.30917e-05, 0.052675
4.31217e-05, 0.0521452
4.31517e-05, 0.0518023
4.31817e-05, 0.0516051
4.32116e-05, 0.0515037
4.32416e-05, 0.0514448
4.32716e-05, 0.0513757
4.33016e-05, 0.0512482
4.33316e-05, 0.0510207
4.33616e-05, 0.0506598
4.33916e-05, 0.0501414
4.34216e-05, 0.0494505
4.34516e-05, 0.048581
4.34816e-05, 0.0475353
4.35116e-05, 0.0463234
4.35416e-05, 0.0449628
4.35716e-05, 0.0434772
4.36016e-05, 0.0418958
4.36316e-05, 0.0402531
4.36616e-05, 0.0385876
4.36915e-05, 0.0369411
4.37215e-05, 0.0353579
4.37515e-05, 0.0338827
4.37815e-05, 0.0325591
4.38115e-05, 0.0314268
4.38415e-05, 0.0305183
4.38715e-05, 0.0298561
4.39015e-05, 0.0294499
4.39315e-05, 0.0292955
4.39615e-05, 0.0293753
4.39915e-05, 0.0296608
4.40215e-05, 0.030116
4.40515e-05, 0.0307015
4.40815e-05, 0.0313773
4.41115e-05, 0.0321058
4.41415e-05, 0.0328531
4.41714e-05, 0.0335898
4.42014e-05, 0.0342911
4.42314e-05, 0.0349368
4.42614e-05, 0.0355109
4.42914e-05, 0.0360012
4.43214e-05, 0.0363985
4.43514e-05, 0.036697
4.43814e-05, 0.0368931
4.44114e-05, 0.0369855
4.44414e-05, 0.0369746
4.44714e-05, 0.0368627
4.45014e-05, 0.0366532
4.45314e-05, 0.0363511
4.45614e-05, 0.0359622
4.45914e-05, 0.035493
4.46214e-05, 0.0349511
4.46513e-05, 0.0343445
4.46813e-05, 0.0336819
4.47113e-05, 0.0329721
4.47413e-05, 0.0322245
4.47713e-05, 0.0314484
4.48013e-05, 0.0306535
4.48313e-05, 0.0298492
4.48613e-05, 0.029045
4.48913e-05, 0.0282499
4.49213e-05, 0.0274728
4.49513e-05, 0.0267218
4.49813e-05, 0.0260047
4.50113e-05, 0.0253281
4.50413e-05, 0.0246982
4.50713e-05, 0.0241197
4.51013e-05, 0.0235964
4.51312e-05, 0.0231308
4.51612e-05, 0.0227241
4.51912e-05, 0.0223763
4.52212e-05, 0.0220863
4.52512e-05, 0.0218519
4.52812e-05, 0.0216697
4.53112e-05, 0.0215358
4.53412e-05, 0.0214459
4.53712e-05, 0.021395
4.54012e-05, 0.0213781
4.54312e-05, 0.0213903
4.54612e-05, 0.0214265
4.54912e-05, 0.0214822
4.55212e-05, 0.021553
4.55512e-05, 0.0216349
4.55812e-05, 0.0217241
4.56111e-05, 0.0218172
4.56411e-05, 0.0219114
4.56711e-05, 0.0220037
4.57011e-05, 0.0220918
4.57311e-05, 0.0221733
4.57611e-05, 0.0222462
4.57911e-05, 0.0223085
4.58211e-05, 0.0223583
4.58511e-05, 0.0223938
4.58811e-05, 0.0224133
4.59111e-05, 0.0224153
4.59411e-05, 0.022398
4.59711e-05, 0.0223599
4.60011e-05, 0.0222994
4.60311e-05, 0.0222151
4.60611e-05, 0.0221055
4.6091e-05, 0.0219693
4.6121e-05, 0.0218053
4.6151e-05, 0.0216123
4.6181e-05, 0.0213894
4.6211e-05, 0.0211357
4.6241e-05, 0.0208504
4.6271e-05, 0.0205332
4.6301e-05, 0.0201837
4.6331e-05, 0.0198017
4.6361e-05, 0.0193875
4.6391e-05, 0.0189413
4.6421e-05, 0.0184638
4.6451e-05, 0.0179557
4.6481e-05, 0.0174181
4.6511e-05, 0.0168523
4.6541e-05, 0.0162597
4.65709e-05, 0.0156423
4.66009e-05, 0.0150021
4.66309e-05, 0.0143414
4.66609e-05, 0.0136627
4.66909e-05, 0.0129691
4.67209e-05, 0.0122637
4.67509e-05, 0.0115501
4.67809e-05, 0.0108323
4.68109e-05, 0.010115
4.68409e-05, 0.00940334
4.68709e-05, 0.00870321
4.69009e-05, 0.00802164
4.69309e-05, 0.00736689
4.69609e-05, 0.0067488
4.69909e-05, 0.00617922
4.70209e-05, 0.00567203
4.70508e-05, 0.00524289
4.70808e-05, 0.00490803
4.71108e-05, 0.00468143
4.71408e-05, 0.00457136
4.71708e-05, 0.00457693
4.72008e-05, 0.00468753
4.72308e-05, 0.00488533
4.72608e-05, 0.00514948
4.72908e-05, 0.00545965
4.73208e-05, 0.00579817
4.73508e-05, 0.0061505
4.73808e-05, 0.00650518
4.74108e-05, 0.00685333
4.74408e-05, 0.00718797
4.74708e-05, 0.00750381
4.75008e-05, 0.0077967
4.75307e-05, 0.00806347
4.75607e-05, 0.0083017
4.75907e-05, 0.00850958
4.76207e-05, 0.0086858
4.76507e-05, 0.00882944
4.76807e-05, 0.00893996
4.77107e-05, 0.00901707
4.77407e-05, 0.00906081
4.77707e-05, 0.00907142
4.78007e-05, 0.00904937
4.78307e-05, 0.00899532
4.78607e-05, 0.00891006
4.78907e-05, 0.00879459
4.79207e-05, 0.00864994
4.79507e-05, 0.00847738
4.79807e-05, 0.00827822
4.80106e-05, 0.0080539
4.80406e-05, 0.00780592
4.80706e-05, 0.00753578
4.81006e-05, 0.00724519
4.81306e-05, 0.00693574
4.81606e-05, 0.00660919
4.81906e-05, 0.00626728
4.82206e-05, 0.00591176
4.82506e-05, 0.00554442
4.82806e-05, 0.00516698
4.83106e-05, 0.00478125
4.83406e-05, 0.00438897
4.83706e-05, 0.00399184
4.84006e-05, 0.00359163
4.84306e-05, 0.00318993
4.84606e-05, 0.00278839
4.84905e-05, 0.00238856
4.85205e-05, 0.00199196
4.85505e-05, 0.00160008
4.85805e-05, 0.00121436
4.86105e-05, 0.000836408
4.86405e-05, 0.000468794
4.86705e-05, 0.000130217
4.87005e-05, 0.000265108
4.87305e-05, 0.0005974
4.87605e-05, 0.000923345
4.87905e-05, 0.00123781
4.88205e-05, 0.00153958
4.88505e-05, 0.00182807
4.88805e-05, 0.00210289
4.89105e-05, 0.00236393
4.89405e-05, 0.00261115
4.89704e-05, 0.0028447
4.90004e-05, 0.00306492
4.90304e-05, 0.00327219
4.90604e-05, 0.00346717
4.90904e-05, 0.00365056
4.91204e-05, 0.0038233
4.91504e-05, 0.00398642
4.91804e-05, 0.00414109
4.92104e-05, 0.00428864
4.92404e-05, 0.00443043
4.92704e-05, 0.00456797
4.93004e-05, 0.00470285
4.93304e-05, 0.00483664
4.93604e-05, 0.00497097
4.93904e-05, 0.00510737
4.94204e-05, 0.0052474
4.94503e-05, 0.00539245
4.94803e-05, 0.00554379
4.95103e-05, 0.00570257
4.95403e-05, 0.0058697
4.95703e-05, 0.00604586
4.96003e-05, 0.00623159
4.96303e-05, 0.00642714
4.96603e-05, 0.00663257
4.96903e-05, 0.00684773
4.97203e-05, 0.00707223
4.97503e-05, 0.00730555
4.97803e-05, 0.00754701
4.98103e-05, 0.00779575
4.98403e-05, 0.00805087
4.98703e-05, 0.00831133
4.99003e-05, 0.00857604
4.99302e-05, 0.00884381
4.99602e-05, 0.00911346
4.99902e-05, 0.00938381
5.00202e-05, 0.00965358
5.00502e-05, 0.0099216
5.00802e-05, 0.0101866
5.01102e-05, 0.0104474
5.01402e-05, 0.0107029
5.01702e-05, 0.0109519
5.02002e-05, 0.0111932
5.02302e-05, 0.011426
5.02602e-05, 0.0116491
5.02902e-05, 0.0118617
5.03202e-05, 0.0120629
5.03502e-05, 0.0122518
5.03802e-05, 0.0124278
5.04101e-05, 0.0125902
5.04401e-05, 0.0127384
5.04701e-05, 0.0128718
5.05001e-05, 0.01299
5.05301e-05, 0.0130927
5.05601e-05, 0.0131793
5.05901e-05, 0.0132497
5.06201e-05, 0.0133037
5.06501e-05, 0.0133409
5.06801e-05, 0.0133614
5.07101e-05, 0.013365
5.07401e-05, 0.0133517
5.07701e-05, 0.0133216
5.08001e-05, 0.0132747
5.08301e-05, 0.0132112
5.08601e-05, 0.0131313
5.089e-05, 0.0130353
5.092e-05, 0.0129234


