sweep_distanceWaist_vs_FFf1:bw: Re(T_total) vs position, lambda=1.55e-06(m), n=1(), new_parameter=1.6e-05() 

dist_f_waist(11,1)
 9.000000000000e-05
 1.100000000000e-04
 1.300000000000e-04
 1.500000000000e-04
 1.700000000000e-04
 1.900000000000e-04
 2.100000000000e-04
 2.300000000000e-04
 2.500000000000e-04
 2.700000000000e-04
 2.900000000000e-04

final FF(11,1)
 2.200000000000e-01
 2.520000000000e-01
 2.850000000000e-01
 3.170000000000e-01
 3.490000000000e-01
 3.820000000000e-01
 4.140000000000e-01
 4.470000000000e-01
 4.800000000000e-01
 5.130000000000e-01
 5.470000000000e-01

sweep_distanceWaist_vs_FFf1:bw: Re(T_total) vs position, lambda=1.55e-06(m), n=1(), new_parameter=1.6e-05() (11,11)
 -1.528241505707e-01 -1.681856557524e-01 -1.833931001967e-01 -2.001978493850e-01 -2.164603992013e-01 -2.311908120757e-01 -2.478380176690e-01 -2.611006574956e-01 -2.722637684095e-01 -2.820220268808e-01 -2.890778177788e-01
 -1.550317957875e-01 -1.715342896298e-01 -1.880720899486e-01 -2.065953964319e-01 -2.245684096748e-01 -2.406439001437e-01 -2.591134651241e-01 -2.734597269146e-01 -2.850706406720e-01 -2.951717688836e-01 -3.018432896709e-01
 -1.550291145140e-01 -1.729515568027e-01 -1.911642755095e-01 -2.118304350602e-01 -2.320441465981e-01 -2.496439462694e-01 -2.698703421765e-01 -2.850157970369e-01 -2.966347123291e-01 -3.063893651940e-01 -3.120437176586e-01
 -1.545739971336e-01 -1.748615744608e-01 -1.956221364599e-01 -2.192398337366e-01 -2.419497122973e-01 -2.611040220994e-01 -2.827104204430e-01 -2.980179729248e-01 -3.088437504780e-01 -3.170387658892e-01 -3.207348755778e-01
 -1.562566481063e-01 -1.798585992897e-01 -2.037032146812e-01 -2.303972372960e-01 -2.553254670448e-01 -2.752544452118e-01 -2.968417788434e-01 -3.108581123335e-01 -3.195386932311e-01 -3.250088605694e-01 -3.256763711877e-01
 -1.610089774048e-01 -1.883490153497e-01 -2.150232866946e-01 -2.439753709634e-01 -2.694839176069e-01 -2.887368851245e-01 -3.086506246045e-01 -3.200071568801e-01 -3.253644951952e-01 -3.270694654172e-01 -3.240594913969e-01
 -1.683861426709e-01 -1.988519317744e-01 -2.272528515739e-01 -2.566804794485e-01 -2.813734693862e-01 -2.985056184220e-01 -3.152654768290e-01 -3.229894737504e-01 -3.244067281082e-01 -3.219406702847e-01 -3.153179569454e-01
 -1.769018032268e-01 -2.092741964310e-01 -2.381494889270e-01 -2.666310325504e-01 -2.890348353117e-01 -3.030936042715e-01 -3.157595229238e-01 -3.194767879610e-01 -3.169141298726e-01 -3.106466119267e-01 -3.009461777016e-01
 -1.856238025020e-01 -2.185677863550e-01 -2.465446501446e-01 -2.728870445598e-01 -2.919256813247e-01 -3.025135938189e-01 -3.107842155072e-01 -3.105977741211e-01 -3.045857965193e-01 -2.951641142732e-01 -2.832546628598e-01
 -1.938575818271e-01 -2.261918136559e-01 -2.522982205468e-01 -2.754359292214e-01 -2.907419761011e-01 -2.975983043255e-01 -3.017254403529e-01 -2.981703233234e-01 -2.893519007606e-01 -2.775839981710e-01 -2.642951620467e-01
 -2.011984074429e-01 -2.319825106102e-01 -2.555132461992e-01 -2.750394439562e-01 -2.863541801961e-01 -2.896765324834e-01 -2.900533569160e-01 -2.836977794605e-01 -2.728464392798e-01 -2.594897046190e-01 -2.455176805363e-01

