sweep_distanceWaist_vs_FFf:bw: Re(T_total) vs position, lambda=1.55e-06(m), n=1(), new_parameter=1.7e-05() 

dist_f_waist(11,1)
 9.000000000000e-05
 1.100000000000e-04
 1.300000000000e-04
 1.500000000000e-04
 1.700000000000e-04
 1.900000000000e-04
 2.100000000000e-04
 2.300000000000e-04
 2.500000000000e-04
 2.700000000000e-04
 2.900000000000e-04

final FF(11,1)
 2.200000000000e-01
 2.520000000000e-01
 2.850000000000e-01
 3.170000000000e-01
 3.490000000000e-01
 3.820000000000e-01
 4.140000000000e-01
 4.470000000000e-01
 4.800000000000e-01
 5.130000000000e-01
 5.470000000000e-01

sweep_distanceWaist_vs_FFf:bw: Re(T_total) vs position, lambda=1.55e-06(m), n=1(), new_parameter=1.7e-05() (11,11)
 -1.726773592560e-01 -1.914422912713e-01 -2.101515951711e-01 -2.303171928928e-01 -2.497485925439e-01 -2.675808336221e-01 -2.864196539122e-01 -3.013151302439e-01 -3.138587364907e-01 -3.237157084066e-01 -3.305747520588e-01
 -1.791308417955e-01 -2.001556330205e-01 -2.213741777490e-01 -2.443669123371e-01 -2.663362872299e-01 -2.861492779329e-01 -3.070813852699e-01 -3.231170763609e-01 -3.359904610352e-01 -3.456252799236e-01 -3.516593287475e-01
 -1.838977034497e-01 -2.077133975870e-01 -2.316757599808e-01 -2.577970356819e-01 -2.824445331278e-01 -3.039265334167e-01 -3.263651873095e-01 -3.426044328099e-01 -3.546495674581e-01 -3.628962372939e-01 -3.669868559412e-01
 -1.887853640349e-01 -2.161422431427e-01 -2.435221365578e-01 -2.729170595798e-01 -2.999624012851e-01 -3.223188229374e-01 -3.450220279470e-01 -3.601579654609e-01 -3.701221132022e-01 -3.756480502479e-01 -3.766632029200e-01
 -1.969072038581e-01 -2.282408368808e-01 -2.587522253840e-01 -2.907218399425e-01 -3.187183281352e-01 -3.404883599196e-01 -3.616520942484e-01 -3.741111165364e-01 -3.805502152576e-01 -3.819990971326e-01 -3.790147618701e-01
 -2.084708497372e-01 -2.433665282000e-01 -2.759358125322e-01 -3.084302034344e-01 -3.354091433587e-01 -3.548007832524e-01 -3.724828264425e-01 -3.808230132421e-01 -3.826092004451e-01 -3.792963678806e-01 -3.719037187146e-01
 -2.213871933981e-01 -2.582095985125e-01 -2.908345222240e-01 -3.220773947985e-01 -3.462586907694e-01 -3.618647452806e-01 -3.747156527499e-01 -3.781874170678e-01 -3.750740235803e-01 -3.670600247176e-01 -3.557532040027e-01
 -2.330724683990e-01 -2.702014616476e-01 -3.014462491709e-01 -3.296583950797e-01 -3.496408007735e-01 -3.607334207338e-01 -3.683388748992e-01 -3.670251029145e-01 -3.594637928313e-01 -3.475104115936e-01 -3.332556967478e-01
 -2.424599754350e-01 -2.783655922452e-01 -3.068097202415e-01 -3.310088214892e-01 -3.462936403025e-01 -3.526955682686e-01 -3.552484777862e-01 -3.497492074783e-01 -3.386649801393e-01 -3.238112552717e-01 -3.077141913213e-01
 -2.494227003793e-01 -2.828696069194e-01 -3.077910047253e-01 -3.274167892883e-01 -3.378045999361e-01 -3.398057677354e-01 -3.379204249950e-01 -3.290801029489e-01 -3.154601051289e-01 -2.987862273332e-01 -2.818311902093e-01
 -2.536172828556e-01 -2.840475851837e-01 -3.051268997337e-01 -3.201596918775e-01 -3.259102868985e-01 -3.241222433476e-01 -3.185390440990e-01 -3.072724696703e-01 -2.919955877585e-01 -2.744035923469e-01 -2.573526763540e-01

