sweep_distanceWaist_vs_FFf:bw: Re(T_total) vs position, lambda=1.55e-06(m), n=1(), new_parameter=1.8e-05() 

dist_f_waist(11,1)
 9.000000000000e-05
 1.100000000000e-04
 1.300000000000e-04
 1.500000000000e-04
 1.700000000000e-04
 1.900000000000e-04
 2.100000000000e-04
 2.300000000000e-04
 2.500000000000e-04
 2.700000000000e-04
 2.900000000000e-04

final FF(11,1)
 2.200000000000e-01
 2.520000000000e-01
 2.850000000000e-01
 3.170000000000e-01
 3.490000000000e-01
 3.820000000000e-01
 4.140000000000e-01
 4.470000000000e-01
 4.800000000000e-01
 5.130000000000e-01
 5.470000000000e-01

sweep_distanceWaist_vs_FFf:bw: Re(T_total) vs position, lambda=1.55e-06(m), n=1(), new_parameter=1.8e-05() (11,11)
 -1.915506514080e-01 -2.130782404857e-01 -2.344412613775e-01 -2.569392359923e-01 -2.779485461103e-01 -2.972010082022e-01 -3.162075795987e-01 -3.305067489124e-01 -3.424278546624e-01 -3.501452325758e-01 -3.550982359810e-01
 -2.024204198760e-01 -2.274277926479e-01 -2.523340498732e-01 -2.783380225270e-01 -3.025906800170e-01 -3.240626715989e-01 -3.449688873544e-01 -3.600718416042e-01 -3.718739340143e-01 -3.787817573911e-01 -3.823597139440e-01
 -2.132083930547e-01 -2.423098913045e-01 -2.708505582491e-01 -3.004581468858e-01 -3.273310342591e-01 -3.500523103472e-01 -3.716258436813e-01 -3.861320710746e-01 -3.961838230178e-01 -4.007046858801e-01 -4.014175417261e-01
 -2.250018675597e-01 -2.584601405164e-01 -2.905856412435e-01 -3.231020664513e-01 -3.512584562003e-01 -3.737467069843e-01 -3.941407308262e-01 -4.063134768111e-01 -4.130501922194e-01 -4.136942637655e-01 -4.105319171523e-01
 -2.400119805316e-01 -2.772115522149e-01 -3.118788977926e-01 -3.455007160559e-01 -3.729021058969e-01 -3.934352521053e-01 -4.105995150232e-01 -4.188016799141e-01 -4.209525635052e-01 -4.167755025658e-01 -4.091925495817e-01
 -2.576447358339e-01 -2.973800932175e-01 -3.323366388179e-01 -3.646752762157e-01 -3.893866280664e-01 -4.060626033700e-01 -4.182956271092e-01 -4.214569114073e-01 -4.183918103096e-01 -4.091560381884e-01 -3.972645019713e-01
 -2.745425353802e-01 -3.147051420111e-01 -3.482160528166e-01 -3.773845844197e-01 -3.975505523559e-01 -4.092017105626e-01 -4.156762448494e-01 -4.135259988695e-01 -4.053650213066e-01 -3.916077477164e-01 -3.761525925021e-01
 -2.884377029648e-01 -3.270612930076e-01 -3.573249602914e-01 -3.818744711037e-01 -3.965974008276e-01 -4.026712617721e-01 -4.035488198551e-01 -3.965198407336e-01 -3.840467351394e-01 -3.668105670669e-01 -3.489006931005e-01
 -2.980393261124e-01 -3.336503789542e-01 -3.596017323197e-01 -3.787084906668e-01 -3.877002204539e-01 -3.886153641735e-01 -3.843768841179e-01 -3.734066601770e-01 -3.577092794252e-01 -3.382062637521e-01 -3.189927626166e-01
 -3.029720174969e-01 -3.346819785220e-01 -3.559060510540e-01 -3.696410385165e-01 -3.732336533557e-01 -3.696305430797e-01 -3.611245271800e-01 -3.472458487436e-01 -3.294700603552e-01 -3.088139544538e-01 -2.892930894348e-01
 -3.038361604034e-01 -3.314241615123e-01 -3.478560489057e-01 -3.565284477937e-01 -3.554317412968e-01 -3.480526478425e-01 -3.363756786427e-01 -3.205445777219e-01 -3.016480833255e-01 -2.807585122298e-01 -2.616494787942e-01

