sweep_distanceWaist_vs_FFf:bw: Re(T_total) vs position, lambda=1.55e-06(m), n=1(), new_parameter=2e-05() 

dist_f_waist(11,1)
 9.000000000000e-05
 1.100000000000e-04
 1.300000000000e-04
 1.500000000000e-04
 1.700000000000e-04
 1.900000000000e-04
 2.100000000000e-04
 2.300000000000e-04
 2.500000000000e-04
 2.700000000000e-04
 2.900000000000e-04

final FF(11,1)
 2.200000000000e-01
 2.520000000000e-01
 2.850000000000e-01
 3.170000000000e-01
 3.490000000000e-01
 3.820000000000e-01
 4.140000000000e-01
 4.470000000000e-01
 4.800000000000e-01
 5.130000000000e-01
 5.470000000000e-01

sweep_distanceWaist_vs_FFf:bw: Re(T_total) vs position, lambda=1.55e-06(m), n=1(), new_parameter=2e-05() (11,11)
 -2.234767888914e-01 -2.474526500115e-01 -2.696635598528e-01 -2.907360650794e-01 -3.082971710754e-01 -3.236001921766e-01 -3.352586835967e-01 -3.417498548957e-01 -3.456747100106e-01 -3.434213787656e-01 -3.396832652950e-01
 -2.421285084689e-01 -2.705889629597e-01 -2.968416368602e-01 -3.210980465876e-01 -3.407804182251e-01 -3.571131095646e-01 -3.685507539190e-01 -3.739877559858e-01 -3.762939871228e-01 -3.716722072201e-01 -3.656070309793e-01
 -2.648073045979e-01 -2.979676985911e-01 -3.277303969427e-01 -3.539728302071e-01 -3.741059296052e-01 -3.896858873234e-01 -3.989714520177e-01 -4.017816057504e-01 -4.009102777564e-01 -3.926251674832e-01 -3.832599500846e-01
 -2.901951461261e-01 -3.267696258501e-01 -3.579837704969e-01 -3.840592529900e-01 -4.022599991568e-01 -4.149284364093e-01 -4.202483250808e-01 -4.189410665301e-01 -4.137618298983e-01 -4.011648236832e-01 -3.881940513936e-01
 -3.154961253412e-01 -3.529453189032e-01 -3.832225925623e-01 -4.068269770119e-01 -4.210312593215e-01 -4.292636747100e-01 -4.294819444381e-01 -4.235801882867e-01 -4.138863399276e-01 -3.973035608151e-01 -3.812347711674e-01
 -3.377365019520e-01 -3.744130609603e-01 -4.020535839443e-01 -4.211611065347e-01 -4.301772877083e-01 -4.332441369504e-01 -4.281185972766e-01 -4.178247208352e-01 -4.041428430212e-01 -3.843614353506e-01 -3.660364767945e-01
 -3.568096031274e-01 -3.906796286914e-01 -4.139609453357e-01 -4.275442227022e-01 -4.306671282822e-01 -4.284863407499e-01 -4.184244682840e-01 -4.042660106244e-01 -3.873086137821e-01 -3.652461359974e-01 -3.454651210651e-01
 -3.710068330758e-01 -4.004273149629e-01 -4.185546533057e-01 -4.262253164858e-01 -4.235759520270e-01 -4.164711012353e-01 -4.020104573012e-01 -3.847860139243e-01 -3.653921300278e-01 -3.419482432126e-01 -3.214235072148e-01
 -3.787633028386e-01 -4.033413952048e-01 -4.158317322237e-01 -4.178281994999e-01 -4.100008904496e-01 -3.985767423346e-01 -3.807553655350e-01 -3.612494091683e-01 -3.402298210260e-01 -3.162404712834e-01 -2.956245859510e-01
 -3.803281149631e-01 -3.997769507049e-01 -4.069756248203e-01 -4.038493523725e-01 -3.916470346240e-01 -3.767436371233e-01 -3.564481420217e-01 -3.354948933819e-01 -3.136726760862e-01 -2.898473415083e-01 -2.697084438677e-01
 -3.765686935485e-01 -3.910312979643e-01 -3.935284605258e-01 -3.859762053781e-01 -3.702881464243e-01 -3.528133733622e-01 -3.308701219175e-01 -3.092790270860e-01 -2.873534803935e-01 -2.642456261107e-01 -2.450240861374e-01

