sweep_distanceWaist_vs_FFf:bw: Re(T_total) vs position, lambda=1.55e-06(m), n=1(), new_parameter=2.1e-05() 

dist_f_waist(11,1)
 9.000000000000e-05
 1.100000000000e-04
 1.300000000000e-04
 1.500000000000e-04
 1.700000000000e-04
 1.900000000000e-04
 2.100000000000e-04
 2.300000000000e-04
 2.500000000000e-04
 2.700000000000e-04
 2.900000000000e-04

final FF(11,1)
 2.200000000000e-01
 2.520000000000e-01
 2.850000000000e-01
 3.170000000000e-01
 3.490000000000e-01
 3.820000000000e-01
 4.140000000000e-01
 4.470000000000e-01
 4.800000000000e-01
 5.130000000000e-01
 5.470000000000e-01

sweep_distanceWaist_vs_FFf:bw: Re(T_total) vs position, lambda=1.55e-06(m), n=1(), new_parameter=2.1e-05() (11,11)
 -2.351671664503e-01 -2.577812373776e-01 -2.779553670733e-01 -2.949838850956e-01 -3.074020907835e-01 -3.173972457553e-01 -3.222197043065e-01 -3.224336600988e-01 -3.202129688280e-01 -3.117554776268e-01 -3.028986333321e-01
 -2.563585922679e-01 -2.829611418871e-01 -3.059659271723e-01 -3.249570151843e-01 -3.377686688295e-01 -3.473245192297e-01 -3.503012103677e-01 -3.482801894265e-01 -3.436949239278e-01 -3.322697358575e-01 -3.209644953738e-01
 -2.822260646328e-01 -3.125793789655e-01 -3.373484107974e-01 -3.564731674906e-01 -3.679051788826e-01 -3.753732325010e-01 -3.749586940208e-01 -3.695951423953e-01 -3.616937977913e-01 -3.468533929022e-01 -3.328059222074e-01
 -3.109336449049e-01 -3.427385837499e-01 -3.672516373394e-01 -3.841611719164e-01 -3.921315484525e-01 -3.958002685439e-01 -3.908276626466e-01 -3.814998630578e-01 -3.698596618605e-01 -3.516257525621e-01 -3.350376859880e-01
 -3.374118330623e-01 -3.680791137437e-01 -3.902651261101e-01 -4.030914867900e-01 -4.061748381567e-01 -4.051762890414e-01 -3.953185037873e-01 -3.821699670157e-01 -3.671968446536e-01 -3.463035396282e-01 -3.280112703816e-01
 -3.586220741598e-01 -3.870854630133e-01 -4.053657897856e-01 -4.129151391218e-01 -4.105552382934e-01 -4.049406672984e-01 -3.906724875360e-01 -3.743780636296e-01 -3.568847893702e-01 -3.343917437316e-01 -3.152717021123e-01
 -3.756621350386e-01 -3.999782797169e-01 -4.133007591206e-01 -4.153659653162e-01 -4.078592509478e-01 -3.979609839116e-01 -3.801526177388e-01 -3.615012293293e-01 -3.422746135419e-01 -3.190274421512e-01 -2.996859773837e-01
 -3.874260796261e-01 -4.071555304837e-01 -4.152528247204e-01 -4.119985484719e-01 -3.998759131506e-01 -3.862546365685e-01 -3.656081735736e-01 -3.453392427231e-01 -3.249683691894e-01 -3.015404129790e-01 -2.823553864682e-01
 -3.938082780667e-01 -4.085748322851e-01 -4.116506431477e-01 -4.035966696170e-01 -3.875107604807e-01 -3.707906170776e-01 -3.481023189664e-01 -3.266428337560e-01 -3.056811628907e-01 -2.824512233898e-01 -2.637270010265e-01
 -3.947062969273e-01 -4.045848608527e-01 -4.030361286995e-01 -3.908666968230e-01 -3.715081824059e-01 -3.523759516680e-01 -3.283674962844e-01 -3.063484468713e-01 -2.851319962193e-01 -2.624947085114e-01 -2.444150215180e-01
 -3.904403891518e-01 -3.959700293467e-01 -3.904009421752e-01 -3.747680638102e-01 -3.529247444051e-01 -3.320512158532e-01 -3.073526896530e-01 -2.852123006702e-01 -2.641985217418e-01 -2.424686955882e-01 -2.252543077823e-01

