sweep_distanceWaist_vs_FFf:bw: Re(T_total) vs position, lambda=1.55e-06(m), n=1(), new_parameter=2.2e-05() 

dist_f_waist(11,1)
 9.000000000000e-05
 1.100000000000e-04
 1.300000000000e-04
 1.500000000000e-04
 1.700000000000e-04
 1.900000000000e-04
 2.100000000000e-04
 2.300000000000e-04
 2.500000000000e-04
 2.700000000000e-04
 2.900000000000e-04

final FF(11,1)
 2.200000000000e-01
 2.520000000000e-01
 2.850000000000e-01
 3.170000000000e-01
 3.490000000000e-01
 3.820000000000e-01
 4.140000000000e-01
 4.470000000000e-01
 4.800000000000e-01
 5.130000000000e-01
 5.470000000000e-01

sweep_distanceWaist_vs_FFf:bw: Re(T_total) vs position, lambda=1.55e-06(m), n=1(), new_parameter=2.2e-05() (11,11)
 -2.427989617798e-01 -2.625879566582e-01 -2.784311667330e-01 -2.896573254077e-01 -2.953488044635e-01 -2.987349422474e-01 -2.959732489014e-01 -2.895648153411e-01 -2.812480640580e-01 -2.673315016552e-01 -2.542510857148e-01
 -2.652134890440e-01 -2.875554409032e-01 -3.047630691104e-01 -3.157177110127e-01 -3.197806248797e-01 -3.210600334472e-01 -3.149879279511e-01 -3.055091849323e-01 -2.943176326643e-01 -2.773487614932e-01 -2.619714554221e-01
 -2.912824805746e-01 -3.152807702893e-01 -3.321904313836e-01 -3.411656816372e-01 -3.420400418863e-01 -3.401185710854e-01 -3.298915697100e-01 -3.169654575484e-01 -3.028650267653e-01 -2.831928983088e-01 -2.660462241102e-01
 -3.193468596010e-01 -3.424212247879e-01 -3.572417825643e-01 -3.624402821383e-01 -3.588390933972e-01 -3.528280007285e-01 -3.382181951991e-01 -3.220209060558e-01 -3.053724177231e-01 -2.837528607126e-01 -2.654588294392e-01
 -3.436534774451e-01 -3.645425914835e-01 -3.756206642657e-01 -3.759170538101e-01 -3.672492320304e-01 -3.570690057945e-01 -3.384793879536e-01 -3.196860604351e-01 -3.012653211301e-01 -2.786119806754e-01 -2.600565822859e-01
 -3.625674826929e-01 -3.795158716599e-01 -3.859160980863e-01 -3.809947427759e-01 -3.677032556159e-01 -3.538898094157e-01 -3.323922597551e-01 -3.119859645499e-01 -2.926493033271e-01 -2.699366503152e-01 -2.518411999290e-01
 -3.756983648209e-01 -3.881964862051e-01 -3.899256500951e-01 -3.802594305203e-01 -3.630356652128e-01 -3.464586231159e-01 -3.230213357958e-01 -3.018471291848e-01 -2.822812323213e-01 -2.600607257021e-01 -2.428821445130e-01
 -3.844702784652e-01 -3.924188781702e-01 -3.897490433629e-01 -3.759641273871e-01 -3.556087367866e-01 -3.368630922110e-01 -3.122487737142e-01 -2.907929811371e-01 -2.713282436373e-01 -2.499115782952e-01 -2.336126826435e-01
 -3.893479027154e-01 -3.928940246369e-01 -3.862111837425e-01 -3.689138661871e-01 -3.460446567081e-01 -3.256456947287e-01 -3.003821478660e-01 -2.788836204970e-01 -2.596507413796e-01 -2.390317762340e-01 -2.235263826621e-01
 -3.900837029387e-01 -3.896302588359e-01 -3.794329449016e-01 -3.592539860227e-01 -3.344122851810e-01 -3.127305770086e-01 -2.872081357375e-01 -2.658444033209e-01 -2.469157019098e-01 -2.271357735599e-01 -2.123023846692e-01
 -3.869583004199e-01 -3.827780142032e-01 -3.695568066477e-01 -3.470639595512e-01 -3.208075387073e-01 -2.982184971604e-01 -2.727502008428e-01 -2.517195477516e-01 -2.331891243027e-01 -2.143151509701e-01 -2.001569053616e-01

