sweep_distanceWaist_vs_FFf_accurate:bw: Re(T_total) vs position, lambda=1.55e-06(), n=1() 

dist_f_waist(7,1)
 1.700000000000e-04
 1.750000000000e-04
 1.800000000000e-04
 1.850000000000e-04
 1.900000000000e-04
 1.950000000000e-04
 2.000000000000e-04

final FF(6,1)
 2.850000000000e-01
 3.170000000000e-01
 3.490000000000e-01
 3.820000000000e-01
 4.140000000000e-01
 4.470000000000e-01

sweep_distanceWaist_vs_FFf_accurate:bw: Re(T_total) vs position, lambda=1.55e-06(), n=1() (7,6)
 -3.863746821655e-01 -4.092075995949e-01 -4.250714061694e-01 -4.348138960968e-01 -4.364955925895e-01 -4.329413534114e-01
 -3.914843955073e-01 -4.134527754032e-01 -4.281449419884e-01 -4.365723021178e-01 -4.370244537981e-01 -4.321948363065e-01
 -3.962402035794e-01 -4.171152281073e-01 -4.306545151120e-01 -4.376945974307e-01 -4.368552517950e-01 -4.307734647987e-01
 -4.005476126742e-01 -4.202967928970e-01 -4.325804352628e-01 -4.381840347018e-01 -4.360483051162e-01 -4.287239780615e-01
 -4.043467728064e-01 -4.228167946032e-01 -4.337741753549e-01 -4.380095949064e-01 -4.345822141379e-01 -4.260335212098e-01
 -4.076295093649e-01 -4.248579517555e-01 -4.344547876812e-01 -4.372108233101e-01 -4.324976199259e-01 -4.227727052702e-01
 -4.104130434895e-01 -4.261852644922e-01 -4.343835218500e-01 -4.357806649776e-01 -4.298083335657e-01 -4.189259349706e-01

