sweep_distanceWaist_vs_FFf2:bw: Re(T_total) vs position, lambda=1.55e-06(), n=1() 

dist_f_waist(11,1)
 9.000000000000e-05
 1.100000000000e-04
 1.300000000000e-04
 1.500000000000e-04
 1.700000000000e-04
 1.900000000000e-04
 2.100000000000e-04
 2.300000000000e-04
 2.500000000000e-04
 2.700000000000e-04
 2.900000000000e-04

final FF(11,1)
 2.200000000000e-01
 2.520000000000e-01
 2.850000000000e-01
 3.170000000000e-01
 3.490000000000e-01
 3.820000000000e-01
 4.140000000000e-01
 4.470000000000e-01
 4.800000000000e-01
 5.130000000000e-01
 5.470000000000e-01

sweep_distanceWaist_vs_FFf2:bw: Re(T_total) vs position, lambda=1.55e-06(), n=1() (11,11)
 -2.086843115561e-01 -2.321277800364e-01 -2.548775861226e-01 -2.776151862496e-01 -2.980275840664e-01 -3.165465254922e-01 -3.331113461500e-01 -3.446101884848e-01 -3.535563695021e-01 -3.570906203309e-01 -3.582565168821e-01
 -2.237363062370e-01 -2.514853569201e-01 -2.782790153100e-01 -3.050343713363e-01 -3.284557738104e-01 -3.488790617406e-01 -3.666059836230e-01 -3.781369147404e-01 -3.862936838237e-01 -3.882207371168e-01 -3.874678685229e-01
 -2.409678871252e-01 -2.734923454474e-01 -3.043464781140e-01 -3.343582993214e-01 -3.596589032976e-01 -3.805478057389e-01 -3.976529506304e-01 -4.074825264451e-01 -4.130057709890e-01 -4.116484426223e-01 -4.075842186421e-01
 -2.601687380176e-01 -2.971470877614e-01 -3.308528577278e-01 -3.623798007352e-01 -3.875322861206e-01 -4.068508211130e-01 -4.211681077870e-01 -4.275348471384e-01 -4.289071963895e-01 -4.230949566615e-01 -4.149374444970e-01
 -2.812680669750e-01 -3.209929416222e-01 -3.556443342292e-01 -3.863746896984e-01 -4.092075745377e-01 -4.250714270137e-01 -4.348137709471e-01 -4.364955532543e-01 -4.329413595555e-01 -4.223167831465e-01 -4.100831587588e-01
 -3.026979167228e-01 -3.429878896998e-01 -3.765135737691e-01 -4.043467663467e-01 -4.228167095841e-01 -4.337741711142e-01 -4.380095134710e-01 -4.345821979246e-01 -4.260334673523e-01 -4.109630004817e-01 -3.951944730085e-01
 -3.216698193834e-01 -3.609000052519e-01 -3.912375202782e-01 -4.143498070791e-01 -4.272213491349e-01 -4.326347513402e-01 -4.310987752028e-01 -4.227458594817e-01 -4.097078373732e-01 -3.910001874360e-01 -3.725672864927e-01
 -3.365413837253e-01 -3.726035021237e-01 -3.983615351398e-01 -4.157362843950e-01 -4.225260261450e-01 -4.223500475626e-01 -4.154297075922e-01 -4.028711381019e-01 -3.862231036873e-01 -3.649450127832e-01 -3.448214584463e-01
 -3.455125583328e-01 -3.772064904939e-01 -3.977661570855e-01 -4.091550521280e-01 -4.101030678348e-01 -4.048093975761e-01 -3.934486106664e-01 -3.775941289417e-01 -3.584042380334e-01 -3.356933606972e-01 -3.148786928413e-01
 -3.484700880857e-01 -3.754591626118e-01 -3.905478687457e-01 -3.963717424218e-01 -3.921753675966e-01 -3.826626891743e-01 -3.677300971637e-01 -3.496754005852e-01 -3.290203355454e-01 -3.058740285255e-01 -2.852056447330e-01
 -3.464573681289e-01 -3.686043588451e-01 -3.786643751617e-01 -3.795099099876e-01 -3.710212266895e-01 -3.582003446538e-01 -3.408196555009e-01 -3.214228743435e-01 -3.002129569103e-01 -2.773998252125e-01 -2.575381231752e-01

